// Dynamic Topology Format (DTF)
numSat=4
numET=1
numK=x
totalTime=1 day
ISL Range=1000
ET-LEO Rangeist=2000

*,0,0,0,0,
0,*,1,0,0,
0,1,*,1,0,
0,0,1,*,1,
0,0,0,1,*,
k=1
t=31613

*,0,0,0,1,
0,*,1,0,0,
0,1,*,1,0,
0,0,1,*,1,
1,0,0,1,*,
k=2
t=76

*,0,0,1,1,
0,*,1,0,0,
0,1,*,1,0,
1,0,1,*,1,
1,0,0,1,*,
k=3
t=76

*,0,1,1,1,
0,*,1,0,0,
1,1,*,1,0,
1,0,1,*,1,
1,0,0,1,*,
k=4
t=76

*,1,1,1,1,
1,*,1,0,0,
1,1,*,1,0,
1,0,1,*,1,
1,0,0,1,*,
k=5
t=196

*,1,1,1,0,
1,*,1,0,0,
1,1,*,1,0,
1,0,1,*,1,
0,0,0,1,*,
k=6
t=83

*,1,1,0,0,
1,*,1,0,0,
1,1,*,1,0,
0,0,1,*,1,
0,0,0,1,*,
k=7
t=81

*,1,0,0,0,
1,*,1,0,0,
0,1,*,1,0,
0,0,1,*,1,
0,0,0,1,*,
k=8
t=81

*,0,0,0,0,
0,*,1,0,0,
0,1,*,1,0,
0,0,1,*,1,
0,0,0,1,*,
k=9
t=5048