// Dynamic Topology Format (DTF):
numSat=4
numET=1
numK=x
totalTime=5 day
ISL Range=1000
ET-LEO Rangeist=2000

*,0,0,0,0,
0,*,1,0,0,
0,1,*,1,0,
0,0,1,*,1,
0,0,0,1,*,
k=1
t=133

*,0,0,0,1,
0,*,1,0,0,
0,1,*,1,0,
0,0,1,*,1,
1,0,0,1,*,
k=2
t=79

*,0,0,1,1,
0,*,1,0,0,
0,1,*,1,0,
1,0,1,*,1,
1,0,0,1,*,
k=3
t=79

*,0,1,1,1,
0,*,1,0,0,
1,1,*,1,0,
1,0,1,*,1,
1,0,0,1,*,
k=4
t=47

*,1,1,1,1,
1,*,1,0,0,
1,1,*,1,0,
1,0,1,*,1,
1,0,0,1,*,
k=5
t=193

*,1,1,1,0,
1,*,1,0,0,
1,1,*,1,0,
1,0,1,*,1,
0,0,0,1,*,
k=6
t=79

*,1,1,0,0,
1,*,1,0,0,
1,1,*,1,0,
0,0,1,*,1,
0,0,0,1,*,
k=7
t=79

*,1,0,0,0,
1,*,1,0,0,
0,1,*,1,0,
0,0,1,*,1,
0,0,0,1,*,
k=8
t=79

*,0,0,0,0,
0,*,1,0,0,
0,1,*,1,0,
0,0,1,*,1,
0,0,0,1,*,
k=9
t=5059

*,0,0,0,1,
0,*,1,0,0,
0,1,*,1,0,
0,0,1,*,1,
1,0,0,1,*,
k=10
t=79

*,0,0,1,1,
0,*,1,0,0,
0,1,*,1,0,
1,0,1,*,1,
1,0,0,1,*,
k=11
t=79

*,0,1,1,1,
0,*,1,0,0,
1,1,*,1,0,
1,0,1,*,1,
1,0,0,1,*,
k=12
t=79

*,1,1,1,1,
1,*,1,0,0,
1,1,*,1,0,
1,0,1,*,1,
1,0,0,1,*,
k=13
t=198

*,1,1,1,0,
1,*,1,0,0,
1,1,*,1,0,
1,0,1,*,1,
0,0,0,1,*,
k=14
t=66

*,1,1,0,0,
1,*,1,0,0,
1,1,*,1,0,
0,0,1,*,1,
0,0,0,1,*,
k=15
t=69

*,1,0,0,0,
1,*,1,0,0,
0,1,*,1,0,
0,0,1,*,1,
0,0,0,1,*,
k=16
t=79

*,0,0,0,0,
0,*,1,0,0,
0,1,*,1,0,
0,0,1,*,1,
0,0,0,1,*,
k=17
t=35704

*,0,0,0,1,
0,*,1,0,0,
0,1,*,1,0,
0,0,1,*,1,
1,0,0,1,*,
k=18
t=79

*,0,0,1,1,
0,*,1,0,0,
0,1,*,1,0,
1,0,1,*,1,
1,0,0,1,*,
k=19
t=79

*,0,1,1,1,
0,*,1,0,0,
1,1,*,1,0,
1,0,1,*,1,
1,0,0,1,*,
k=20
t=24

*,1,1,1,1,
1,*,1,0,0,
1,1,*,1,0,
1,0,1,*,1,
1,0,0,1,*,
k=21
t=80

*,1,1,1,0,
1,*,1,0,0,
1,1,*,1,0,
1,0,1,*,1,
0,0,0,1,*,
k=22
t=79

*,1,1,0,0,
1,*,1,0,0,
1,1,*,1,0,
0,0,1,*,1,
0,0,0,1,*,
k=23
t=79

*,1,0,0,0,
1,*,1,0,0,
0,1,*,1,0,
0,0,1,*,1,
0,0,0,1,*,
k=24
t=79

*,0,0,0,0,
0,*,1,0,0,
0,1,*,1,0,
0,0,1,*,1,
0,0,0,1,*,
k=25
t=5100

*,0,0,0,1,
0,*,1,0,0,
0,1,*,1,0,
0,0,1,*,1,
1,0,0,1,*,
k=26
t=79

*,0,0,1,1,
0,*,1,0,0,
0,1,*,1,0,
1,0,1,*,1,
1,0,0,1,*,
k=27
t=79

*,0,1,1,1,
0,*,1,0,0,
1,1,*,1,0,
1,0,1,*,1,
1,0,0,1,*,
k=28
t=79

*,1,1,1,1,
1,*,1,0,0,
1,1,*,1,0,
1,0,1,*,1,
1,0,0,1,*,
k=29
t=259

*,1,1,1,0,
1,*,1,0,0,
1,1,*,1,0,
1,0,1,*,1,
0,0,0,1,*,
k=30
t=79

*,1,1,0,0,
1,*,1,0,0,
1,1,*,1,0,
0,0,1,*,1,
0,0,0,1,*,
k=31
t=61

*,1,0,0,0,
1,*,1,0,0,
0,1,*,1,0,
0,0,1,*,1,
0,0,0,1,*,
k=32
t=79

*,0,0,0,0,
0,*,1,0,0,
0,1,*,1,0,
0,0,1,*,1,
0,0,0,1,*,
k=33
t=37641

*,0,0,0,1,
0,*,1,0,0,
0,1,*,1,0,
0,0,1,*,1,
1,0,0,1,*,
k=34
t=79

*,0,0,1,1,
0,*,1,0,0,
0,1,*,1,0,
1,0,1,*,1,
1,0,0,1,*,
k=35
t=79

*,0,1,1,1,
0,*,1,0,0,
1,1,*,1,0,
1,0,1,*,1,
1,0,0,1,*,
k=36
t=79

*,1,1,1,1,
1,*,1,0,0,
1,1,*,1,0,
1,0,1,*,1,
1,0,0,1,*,
k=37
t=142

*,1,1,1,0,
1,*,1,0,0,
1,1,*,1,0,
1,0,1,*,1,
0,0,0,1,*,
k=38
t=79

*,1,1,0,0,
1,*,1,0,0,
1,1,*,1,0,
0,0,1,*,1,
0,0,0,1,*,
k=39
t=79

*,1,0,0,0,
1,*,1,0,0,
0,1,*,1,0,
0,0,1,*,1,
0,0,0,1,*,
k=40
t=79

*,0,0,0,0,
0,*,1,0,0,
0,1,*,1,0,
0,0,1,*,1,
0,0,0,1,*,
k=41
t=5049

*,0,0,0,1,
0,*,1,0,0,
0,1,*,1,0,
0,0,1,*,1,
1,0,0,1,*,
k=42
t=79

*,0,0,1,1,
0,*,1,0,0,
0,1,*,1,0,
1,0,1,*,1,
1,0,0,1,*,
k=43
t=79

*,0,1,1,1,
0,*,1,0,0,
1,1,*,1,0,
1,0,1,*,1,
1,0,0,1,*,
k=44
t=118

*,1,1,1,1,
1,*,1,0,0,
1,1,*,1,0,
1,0,1,*,1,
1,0,0,1,*,
k=45
t=187

*,1,1,1,0,
1,*,1,0,0,
1,1,*,1,0,
1,0,1,*,1,
0,0,0,1,*,
k=46
t=79

*,1,1,0,0,
1,*,1,0,0,
1,1,*,1,0,
0,0,1,*,1,
0,0,0,1,*,
k=47
t=79

*,1,0,0,0,
1,*,1,0,0,
0,1,*,1,0,
0,0,1,*,1,
0,0,0,1,*,
k=48
t=79

*,0,0,0,0,
0,*,1,0,0,
0,1,*,1,0,
0,0,1,*,1,
0,0,0,1,*,
k=49
t=41279

*,0,0,0,1,
0,*,1,0,0,
0,1,*,1,0,
0,0,1,*,1,
1,0,0,1,*,
k=50
t=79

*,0,0,1,1,
0,*,1,0,0,
0,1,*,1,0,
1,0,1,*,1,
1,0,0,1,*,
k=51
t=79

*,0,1,1,1,
0,*,1,0,0,
1,1,*,1,0,
1,0,1,*,1,
1,0,0,1,*,
k=52
t=79

*,1,1,1,1,
1,*,1,0,0,
1,1,*,1,0,
1,0,1,*,1,
1,0,0,1,*,
k=53
t=283

*,1,1,1,0,
1,*,1,0,0,
1,1,*,1,0,
1,0,1,*,1,
0,0,0,1,*,
k=54
t=79

*,1,1,0,0,
1,*,1,0,0,
1,1,*,1,0,
0,0,1,*,1,
0,0,0,1,*,
k=55
t=79

*,1,0,0,0,
1,*,1,0,0,
0,1,*,1,0,
0,0,1,*,1,
0,0,0,1,*,
k=56
t=79

*,0,0,0,0,
0,*,1,0,0,
0,1,*,1,0,
0,0,1,*,1,
0,0,0,1,*,
k=57
t=37907

*,1,1,1,1,
1,*,1,0,0,
1,1,*,1,0,
1,0,1,*,1,
1,0,0,1,*,
k=58
t=100

*,1,1,1,0,
1,*,1,0,0,
1,1,*,1,0,
1,0,1,*,1,
0,0,0,1,*,
k=59
t=79

*,1,1,0,0,
1,*,1,0,0,
1,1,*,1,0,
0,0,1,*,1,
0,0,0,1,*,
k=60
t=79

*,1,0,0,0,
1,*,1,0,0,
0,1,*,1,0,
0,0,1,*,1,
0,0,0,1,*,
k=61
t=79

*,0,0,0,0,
0,*,1,0,0,
0,1,*,1,0,
0,0,1,*,1,
0,0,0,1,*,
k=62
t=5016

*,0,0,0,1,
0,*,1,0,0,
0,1,*,1,0,
0,0,1,*,1,
1,0,0,1,*,
k=63
t=79

*,0,0,1,1,
0,*,1,0,0,
0,1,*,1,0,
1,0,1,*,1,
1,0,0,1,*,
k=64
t=79

*,0,1,1,1,
0,*,1,0,0,
1,1,*,1,0,
1,0,1,*,1,
1,0,0,1,*,
k=65
t=79

*,1,1,1,1,
1,*,1,0,0,
1,1,*,1,0,
1,0,1,*,1,
1,0,0,1,*,
k=66
t=284

*,1,1,1,0,
1,*,1,0,0,
1,1,*,1,0,
1,0,1,*,1,
0,0,0,1,*,
k=67
t=79

*,1,1,0,0,
1,*,1,0,0,
1,1,*,1,0,
0,0,1,*,1,
0,0,0,1,*,
k=68
t=79

*,1,0,0,0,
1,*,1,0,0,
0,1,*,1,0,
0,0,1,*,1,
0,0,0,1,*,
k=69
t=79

*,0,0,0,0,
0,*,1,0,0,
0,1,*,1,0,
0,0,1,*,1,
0,0,0,1,*,
k=70
t=41255

*,0,0,0,1,
0,*,1,0,0,
0,1,*,1,0,
0,0,1,*,1,
1,0,0,1,*,
k=71
t=79

*,0,0,1,1,
0,*,1,0,0,
0,1,*,1,0,
1,0,1,*,1,
1,0,0,1,*,
k=72
t=79

*,0,1,1,1,
0,*,1,0,0,
1,1,*,1,0,
1,0,1,*,1,
1,0,0,1,*,
k=73
t=79

*,1,1,1,1,
1,*,1,0,0,
1,1,*,1,0,
1,0,1,*,1,
1,0,0,1,*,
k=74
t=244

*,1,1,1,0,
1,*,1,0,0,
1,1,*,1,0,
1,0,1,*,1,
0,0,0,1,*,
k=75
t=79

*,1,1,0,0,
1,*,1,0,0,
1,1,*,1,0,
0,0,1,*,1,
0,0,0,1,*,
k=76
t=79

*,1,0,0,0,
1,*,1,0,0,
0,1,*,1,0,
0,0,1,*,1,
0,0,0,1,*,
k=77
t=76

*,0,0,0,0,
0,*,1,0,0,
0,1,*,1,0,
0,0,1,*,1,
0,0,0,1,*,
k=78
t=37811

*,0,0,0,1,
0,*,1,0,0,
0,1,*,1,0,
0,0,1,*,1,
1,0,0,1,*,
k=79
t=58

*,0,0,0,0,
0,*,1,0,0,
0,1,*,1,0,
0,0,1,*,1,
0,0,0,1,*,
k=80
t=21

*,0,0,1,0,
0,*,1,0,0,
0,1,*,1,0,
1,0,1,*,1,
0,0,0,1,*,
k=81
t=58

*,0,0,0,0,
0,*,1,0,0,
0,1,*,1,0,
0,0,1,*,1,
0,0,0,1,*,
k=82
t=20

*,0,1,0,0,
0,*,1,0,0,
1,1,*,1,0,
0,0,1,*,1,
0,0,0,1,*,
k=83
t=59

*,0,0,0,0,
0,*,1,0,0,
0,1,*,1,0,
0,0,1,*,1,
0,0,0,1,*,
k=84
t=20

*,1,0,0,0,
1,*,1,0,0,
0,1,*,1,0,
0,0,1,*,1,
0,0,0,1,*,
k=85
t=59

*,0,0,0,0,
0,*,1,0,0,
0,1,*,1,0,
0,0,1,*,1,
0,0,0,1,*,
k=86
t=5179

*,0,0,0,1,
0,*,1,0,0,
0,1,*,1,0,
0,0,1,*,1,
1,0,0,1,*,
k=87
t=79

*,0,0,1,1,
0,*,1,0,0,
0,1,*,1,0,
1,0,1,*,1,
1,0,0,1,*,
k=88
t=79

*,0,1,1,1,
0,*,1,0,0,
1,1,*,1,0,
1,0,1,*,1,
1,0,0,1,*,
k=89
t=79

*,1,1,1,1,
1,*,1,0,0,
1,1,*,1,0,
1,0,1,*,1,
1,0,0,1,*,
k=90
t=286

*,1,1,1,0,
1,*,1,0,0,
1,1,*,1,0,
1,0,1,*,1,
0,0,0,1,*,
k=91
t=79

*,1,1,0,0,
1,*,1,0,0,
1,1,*,1,0,
0,0,1,*,1,
0,0,0,1,*,
k=92
t=79

*,1,0,0,0,
1,*,1,0,0,
0,1,*,1,0,
0,0,1,*,1,
0,0,0,1,*,
k=93
t=79

*,0,0,0,0,
0,*,1,0,0,
0,1,*,1,0,
0,0,1,*,1,
0,0,0,1,*,
k=94
t=41236

*,0,0,0,1,
0,*,1,0,0,
0,1,*,1,0,
0,0,1,*,1,
1,0,0,1,*,
k=95
t=79

*,0,0,1,1,
0,*,1,0,0,
0,1,*,1,0,
1,0,1,*,1,
1,0,0,1,*,
k=96
t=79

*,0,1,1,1,
0,*,1,0,0,
1,1,*,1,0,
1,0,1,*,1,
1,0,0,1,*,
k=97
t=79

*,1,1,1,1,
1,*,1,0,0,
1,1,*,1,0,
1,0,1,*,1,
1,0,0,1,*,
k=98
t=285

*,1,1,1,0,
1,*,1,0,0,
1,1,*,1,0,
1,0,1,*,1,
0,0,0,1,*,
k=99
t=79

*,1,1,0,0,
1,*,1,0,0,
1,1,*,1,0,
0,0,1,*,1,
0,0,0,1,*,
k=100
t=79

*,1,0,0,0,
1,*,1,0,0,
0,1,*,1,0,
0,0,1,*,1,
0,0,0,1,*,
k=101
t=79

*,0,0,0,0,
0,*,1,0,0,
0,1,*,1,0,
0,0,1,*,1,
0,0,0,1,*,
k=102
t=43287

*,0,0,0,1,
0,*,1,0,0,
0,1,*,1,0,
0,0,1,*,1,
1,0,0,1,*,
k=103
t=79

*,0,0,1,1,
0,*,1,0,0,
0,1,*,1,0,
1,0,1,*,1,
1,0,0,1,*,
k=104
t=79

*,0,1,1,1,
0,*,1,0,0,
1,1,*,1,0,
1,0,1,*,1,
1,0,0,1,*,
k=105
t=79

*,1,1,1,1,
1,*,1,0,0,
1,1,*,1,0,
1,0,1,*,1,
1,0,0,1,*,
k=106
t=241

*,1,1,1,0,
1,*,1,0,0,
1,1,*,1,0,
1,0,1,*,1,
0,0,0,1,*,
k=107
t=79

*,1,1,0,0,
1,*,1,0,0,
1,1,*,1,0,
0,0,1,*,1,
0,0,0,1,*,
k=108
t=79

*,1,0,0,0,
1,*,1,0,0,
0,1,*,1,0,
0,0,1,*,1,
0,0,0,1,*,
k=109
t=79

*,0,0,0,0,
0,*,1,0,0,
0,1,*,1,0,
0,0,1,*,1,
0,0,0,1,*,
k=110
t=41255

*,0,0,0,1,
0,*,1,0,0,
0,1,*,1,0,
0,0,1,*,1,
1,0,0,1,*,
k=111
t=79

*,0,0,1,1,
0,*,1,0,0,
0,1,*,1,0,
1,0,1,*,1,
1,0,0,1,*,
k=112
t=79

*,0,1,1,1,
0,*,1,0,0,
1,1,*,1,0,
1,0,1,*,1,
1,0,0,1,*,
k=113
t=79

*,1,1,1,1,
1,*,1,0,0,
1,1,*,1,0,
1,0,1,*,1,
1,0,0,1,*,
k=114
t=285

*,1,1,1,0,
1,*,1,0,0,
1,1,*,1,0,
1,0,1,*,1,
0,0,0,1,*,
k=115
t=79

*,1,1,0,0,
1,*,1,0,0,
1,1,*,1,0,
0,0,1,*,1,
0,0,0,1,*,
k=116
t=79

*,1,0,0,0,
1,*,1,0,0,
0,1,*,1,0,
0,0,1,*,1,
0,0,0,1,*,
k=117
t=79

*,0,0,0,0,
0,*,1,0,0,
0,1,*,1,0,
0,0,1,*,1,
0,0,0,1,*,
k=118
t=5033

*,0,0,0,1,
0,*,1,0,0,
0,1,*,1,0,
0,0,1,*,1,
1,0,0,1,*,
k=119
t=79

*,0,0,1,1,
0,*,1,0,0,
0,1,*,1,0,
1,0,1,*,1,
1,0,0,1,*,
k=120
t=79

*,0,1,1,1,
0,*,1,0,0,
1,1,*,1,0,
1,0,1,*,1,
1,0,0,1,*,
k=121
t=79

*,1,1,1,1,
1,*,1,0,0,
1,1,*,1,0,
1,0,1,*,1,
1,0,0,1,*,
k=122
t=138

*,1,1,1,0,
1,*,1,0,0,
1,1,*,1,0,
1,0,1,*,1,
0,0,0,1,*,
k=123
t=79

*,1,1,0,0,
1,*,1,0,0,
1,1,*,1,0,
0,0,1,*,1,
0,0,0,1,*,
k=124
t=31

*,0,0,0,0,
0,*,1,0,0,
0,1,*,1,0,
0,0,1,*,1,
0,0,0,1,*,
k=125
t=4036

*,0,0,0,0,
0,*,1,0,0,
0,1,*,1,0,
0,0,1,*,1,
0,0,0,1,*,
