// Dynamic Topology Format (DTF)
numSat=5
numET=1
numK=20
totalTime=100
ISL Range=1000
ET-LEO Rangeist=2000

*,0,0,0,0,1,
0,*,1,0,0,0,
0,1,*,0,0,1,
0,0,0,*,0,0,
0,0,0,0,*,0,
1,0,1,0,0,*,
k=1
t=19

*,0,0,1,0,1,
0,*,0,0,0,0,
0,0,*,0,0,0,
1,0,0,*,0,0,
0,0,0,0,*,1,
1,0,0,0,1,*,
k=2
t=10

*,1,0,0,1,0,
1,*,1,1,1,1,
0,1,*,0,0,0,
0,1,0,*,0,0,
1,1,0,0,*,1,
0,1,0,0,1,*,
k=3
t=15

*,0,0,0,0,0,
0,*,0,0,0,0,
0,0,*,0,0,0,
0,0,0,*,0,0,
0,0,0,0,*,0,
0,0,0,0,0,*,
k=4
t=14

*,1,1,0,0,1,
1,*,1,0,0,1,
1,1,*,1,1,0,
0,0,1,*,0,0,
0,0,1,0,*,0,
1,1,0,0,0,*,
k=5
t=16

*,1,0,1,0,0,
1,*,1,0,1,1,
0,1,*,1,0,0,
1,0,1,*,0,0,
0,1,0,0,*,0,
0,1,0,0,0,*,
k=6
t=18

*,1,0,1,1,0,
1,*,0,0,0,0,
0,0,*,1,0,1,
1,0,1,*,1,0,
1,0,0,1,*,0,
0,0,1,0,0,*,
k=7
t=15

*,0,0,1,0,0,
0,*,1,0,1,0,
0,1,*,0,0,0,
1,0,0,*,0,0,
0,1,0,0,*,1,
0,0,0,0,1,*,
k=8
t=17

*,0,0,0,0,0,
0,*,0,0,0,1,
0,0,*,0,0,0,
0,0,0,*,1,1,
0,0,0,1,*,0,
0,1,0,1,0,*,
k=9
t=19

*,0,0,0,1,0,
0,*,1,1,0,1,
0,1,*,0,0,0,
0,1,0,*,1,0,
1,0,0,1,*,0,
0,1,0,0,0,*,
k=10
t=17

*,1,0,1,0,0,
1,*,0,0,0,0,
0,0,*,0,0,0,
1,0,0,*,0,0,
0,0,0,0,*,0,
0,0,0,0,0,*,
k=11
t=19

*,1,1,0,0,0,
1,*,0,0,1,0,
1,0,*,0,1,1,
0,0,0,*,0,0,
0,1,1,0,*,0,
0,0,1,0,0,*,
k=12
t=20

*,0,0,1,1,1,
0,*,1,1,0,1,
0,1,*,0,0,0,
1,1,0,*,0,1,
1,0,0,0,*,1,
1,1,0,1,1,*,
k=13
t=18

*,0,0,0,0,0,
0,*,0,0,0,0,
0,0,*,0,0,0,
0,0,0,*,0,1,
0,0,0,0,*,0,
0,0,0,1,0,*,
k=14
t=14

*,1,0,0,1,0,
1,*,0,1,0,0,
0,0,*,0,0,0,
0,1,0,*,0,0,
1,0,0,0,*,0,
0,0,0,0,0,*,
k=15
t=18

*,0,0,0,1,1,
0,*,1,0,1,0,
0,1,*,0,1,0,
0,0,0,*,0,0,
1,1,1,0,*,1,
1,0,0,0,1,*,
k=16
t=14

*,0,1,0,0,0,
0,*,1,0,0,0,
1,1,*,0,0,0,
0,0,0,*,0,0,
0,0,0,0,*,0,
0,0,0,0,0,*,
k=17
t=14

*,1,0,0,0,0,
1,*,0,0,0,0,
0,0,*,0,1,0,
0,0,0,*,1,0,
0,0,1,1,*,0,
0,0,0,0,0,*,
k=18
t=15

*,1,0,0,0,0,
1,*,0,0,0,0,
0,0,*,0,0,0,
0,0,0,*,0,0,
0,0,0,0,*,0,
0,0,0,0,0,*,
k=19
t=14

*,0,0,0,0,0,
0,*,0,0,1,0,
0,0,*,0,0,1,
0,0,0,*,0,0,
0,1,0,0,*,1,
0,0,1,0,1,*,
k=20
t=20

*,0,0,0,0,1,
0,*,0,0,1,0,
0,0,*,0,0,0,
0,0,0,*,0,0,
0,1,0,0,*,0,
1,0,0,0,0,*,
k=21
t=13

*,0,1,1,0,0,
0,*,0,1,0,0,
1,0,*,1,0,0,
1,1,1,*,0,1,
0,0,0,0,*,0,
0,0,0,1,0,*,
k=22
t=20

*,0,1,0,1,0,
0,*,0,0,0,1,
1,0,*,1,1,0,
0,0,1,*,0,0,
1,0,1,0,*,0,
0,1,0,0,0,*,
k=23
t=10


