// Dynamic Topology Format (DTF)
numSat=9
numET=1
numK=20
totalTime=100
ISL Range=1000
ET-LEO Rangeist=2000

*,0,0,1,0,0,0,0,0,1,
0,*,0,1,0,0,0,1,0,1,
0,0,*,0,0,1,0,0,1,0,
1,1,0,*,0,0,1,0,0,1,
0,0,0,0,*,1,1,0,0,0,
0,0,1,0,1,*,0,0,1,0,
0,0,0,1,1,0,*,1,0,1,
0,1,0,0,0,0,1,*,1,0,
0,0,1,0,0,1,0,1,*,0,
1,1,0,1,0,0,1,0,0,*,
k=1
t=10

*,1,1,0,1,1,0,0,0,0,
1,*,0,0,0,0,1,1,0,1,
1,0,*,0,1,0,1,1,0,1,
0,0,0,*,0,0,0,1,0,0,
1,0,1,0,*,0,0,0,0,1,
1,0,0,0,0,*,0,0,0,0,
0,1,1,0,0,0,*,1,0,0,
0,1,1,1,0,0,1,*,0,0,
0,0,0,0,0,0,0,0,*,0,
0,1,1,0,1,0,0,0,0,*,
k=2
t=10

*,0,0,1,1,0,0,0,0,0,
0,*,0,0,0,1,0,1,1,0,
0,0,*,0,0,1,0,0,0,0,
1,0,0,*,0,0,1,0,1,0,
1,0,0,0,*,1,0,0,0,0,
0,1,1,0,1,*,1,1,0,0,
0,0,0,1,0,1,*,0,0,0,
0,1,0,0,0,1,0,*,0,1,
0,1,0,1,0,0,0,0,*,0,
0,0,0,0,0,0,0,1,0,*,
k=3
t=10

*,1,1,0,0,1,1,1,0,0,
1,*,1,1,0,0,0,1,1,0,
1,1,*,0,0,1,0,0,0,0,
0,1,0,*,1,0,0,0,1,0,
0,0,0,1,*,0,1,1,0,0,
1,0,1,0,0,*,0,0,1,0,
1,0,0,0,1,0,*,0,0,0,
1,1,0,0,1,0,0,*,0,0,
0,1,0,1,0,1,0,0,*,1,
0,0,0,0,0,0,0,0,1,*,
k=4
t=10

*,1,0,1,0,0,1,0,0,0,
1,*,1,1,0,1,1,1,0,1,
0,1,*,0,0,1,0,1,0,1,
1,1,0,*,1,1,0,0,1,1,
0,0,0,1,*,0,1,0,0,0,
0,1,1,1,0,*,0,0,0,1,
1,1,0,0,1,0,*,0,0,1,
0,1,1,0,0,0,0,*,0,0,
0,0,0,1,0,0,0,0,*,0,
0,1,1,1,0,1,1,0,0,*,
k=5
t=10

*,0,0,0,0,1,0,1,0,1,
0,*,1,1,0,0,0,0,0,1,
0,1,*,1,1,1,1,0,0,0,
0,1,1,*,1,1,0,0,1,1,
0,0,1,1,*,0,1,1,0,0,
1,0,1,1,0,*,1,0,0,1,
0,0,1,0,1,1,*,1,0,0,
1,0,0,0,1,0,1,*,0,0,
0,0,0,1,0,0,0,0,*,0,
1,1,0,1,0,1,0,0,0,*,
k=6
t=10

*,0,0,0,0,0,0,0,0,0,
0,*,0,0,0,0,0,0,1,0,
0,0,*,0,0,1,0,0,0,0,
0,0,0,*,0,0,0,0,1,0,
0,0,0,0,*,0,0,1,0,1,
0,0,1,0,0,*,0,0,0,1,
0,0,0,0,0,0,*,0,1,0,
0,0,0,0,1,0,0,*,0,1,
0,1,0,1,0,0,1,0,*,1,
0,0,0,0,1,1,0,1,1,*,
k=7
t=10

*,0,1,0,1,0,1,1,0,1,
0,*,0,0,1,1,1,0,0,0,
1,0,*,1,1,1,0,0,0,0,
0,0,1,*,0,0,0,0,0,1,
1,1,1,0,*,0,1,0,0,0,
0,1,1,0,0,*,0,1,0,0,
1,1,0,0,1,0,*,1,0,1,
1,0,0,0,0,1,1,*,0,1,
0,0,0,0,0,0,0,0,*,0,
1,0,0,1,0,0,1,1,0,*,
k=8
t=10

*,0,0,1,0,0,0,0,0,0,
0,*,0,0,0,0,0,1,1,0,
0,0,*,1,1,0,0,1,0,0,
1,0,1,*,1,1,1,0,1,0,
0,0,1,1,*,0,1,0,0,1,
0,0,0,1,0,*,0,0,0,1,
0,0,0,1,1,0,*,0,0,1,
0,1,1,0,0,0,0,*,0,0,
0,1,0,1,0,0,0,0,*,0,
0,0,0,0,1,1,1,0,0,*,
k=9
t=10

*,0,0,0,0,1,1,0,0,0,
0,*,0,0,1,0,0,0,0,0,
0,0,*,0,1,0,0,0,0,0,
0,0,0,*,1,0,0,1,1,0,
0,1,1,1,*,1,1,1,0,0,
1,0,0,0,1,*,0,1,0,0,
1,0,0,0,1,0,*,0,0,0,
0,0,0,1,1,1,0,*,1,1,
0,0,0,1,0,0,0,1,*,1,
0,0,0,0,0,0,0,1,1,*,
k=10
t=10

*,0,0,0,0,0,0,0,0,0,
0,*,1,1,1,1,0,0,0,1,
0,1,*,0,0,0,1,0,0,0,
0,1,0,*,0,0,0,0,0,0,
0,1,0,0,*,0,1,0,0,0,
0,1,0,0,0,*,0,0,1,0,
0,0,1,0,1,0,*,0,0,0,
0,0,0,0,0,0,0,*,1,1,
0,0,0,0,0,1,0,1,*,0,
0,1,0,0,0,0,0,1,0,*,
k=11
t=10

*,1,0,1,0,0,0,0,0,1,
1,*,1,0,1,0,1,0,1,0,
0,1,*,1,0,1,0,1,0,0,
1,0,1,*,1,0,0,0,0,0,
0,1,0,1,*,0,0,0,0,1,
0,0,1,0,0,*,1,0,1,0,
0,1,0,0,0,1,*,1,0,1,
0,0,1,0,0,0,1,*,0,1,
0,1,0,0,0,1,0,0,*,0,
1,0,0,0,1,0,1,1,0,*,
k=12
t=10

*,0,0,0,1,0,0,0,0,0,
0,*,0,0,0,1,1,0,0,0,
0,0,*,1,0,1,1,0,0,0,
0,0,1,*,0,0,0,0,0,1,
1,0,0,0,*,0,0,1,0,1,
0,1,1,0,0,*,1,0,1,0,
0,1,1,0,0,1,*,1,0,0,
0,0,0,0,1,0,1,*,0,0,
0,0,0,0,0,1,0,0,*,0,
0,0,0,1,1,0,0,0,0,*,
k=13
t=10

*,0,0,0,1,0,0,0,1,0,
0,*,0,0,0,0,0,0,0,0,
0,0,*,0,1,1,0,0,0,0,
0,0,0,*,0,0,1,0,0,0,
1,0,1,0,*,0,0,1,0,1,
0,0,1,0,0,*,1,1,0,0,
0,0,0,1,0,1,*,0,1,0,
0,0,0,0,1,1,0,*,0,1,
1,0,0,0,0,0,1,0,*,1,
0,0,0,0,1,0,0,1,1,*,
k=14
t=10

*,0,1,0,0,0,0,1,0,0,
0,*,1,0,0,0,0,1,1,0,
1,1,*,0,0,1,1,0,0,0,
0,0,0,*,1,1,0,0,0,0,
0,0,0,1,*,1,0,0,0,1,
0,0,1,1,1,*,1,0,1,0,
0,0,1,0,0,1,*,1,0,0,
1,1,0,0,0,0,1,*,0,1,
0,1,0,0,0,1,0,0,*,0,
0,0,0,0,1,0,0,1,0,*,
k=15
t=10

*,0,0,0,1,1,0,0,0,0,
0,*,0,1,1,0,0,1,0,0,
0,0,*,0,0,0,0,0,1,1,
0,1,0,*,0,1,1,1,0,0,
1,1,0,0,*,0,0,0,0,1,
1,0,0,1,0,*,0,0,0,0,
0,0,0,1,0,0,*,0,0,1,
0,1,0,1,0,0,0,*,0,1,
0,0,1,0,0,0,0,0,*,0,
0,0,1,0,1,0,1,1,0,*,
k=16
t=10

*,1,0,1,0,0,0,1,0,1,
1,*,0,0,0,0,0,0,0,0,
0,0,*,0,1,1,0,0,0,0,
1,0,0,*,1,0,0,0,1,0,
0,0,1,1,*,0,0,0,0,0,
0,0,1,0,0,*,0,0,0,0,
0,0,0,0,0,0,*,0,1,0,
1,0,0,0,0,0,0,*,1,0,
0,0,0,1,0,0,1,1,*,1,
1,0,0,0,0,0,0,0,1,*,
k=17
t=10

*,0,0,1,0,0,0,0,0,0,
0,*,0,0,0,0,0,0,1,1,
0,0,*,0,1,0,0,1,0,0,
1,0,0,*,0,0,0,0,1,1,
0,0,1,0,*,1,0,0,1,0,
0,0,0,0,1,*,1,1,0,1,
0,0,0,0,0,1,*,0,1,0,
0,0,1,0,0,1,0,*,0,0,
0,1,0,1,1,0,1,0,*,0,
0,1,0,1,0,1,0,0,0,*,
k=18
t=10

*,1,0,0,0,0,1,1,1,1,
1,*,1,0,1,0,1,0,0,1,
0,1,*,0,0,1,0,0,1,0,
0,0,0,*,0,0,1,0,0,0,
0,1,0,0,*,0,0,0,0,0,
0,0,1,0,0,*,1,0,0,0,
1,1,0,1,0,1,*,0,1,1,
1,0,0,0,0,0,0,*,0,0,
1,0,1,0,0,0,1,0,*,0,
1,1,0,0,0,0,1,0,0,*,
k=19
t=10

*,1,0,1,1,1,0,0,0,0,
1,*,0,0,1,1,0,1,0,0,
0,0,*,0,0,0,0,0,0,1,
1,0,0,*,0,0,0,1,0,0,
1,1,0,0,*,0,0,1,0,0,
1,1,0,0,0,*,0,0,0,0,
0,0,0,0,0,0,*,1,0,1,
0,1,0,1,1,0,1,*,1,0,
0,0,0,0,0,0,0,1,*,1,
0,0,1,0,0,0,1,0,1,*,
k=20
t=10

*,0,1,0,0,0,1,0,0,1,
0,*,0,1,1,0,0,1,1,0,
1,0,*,0,0,1,1,0,0,0,
0,1,0,*,0,1,1,0,0,0,
0,1,0,0,*,0,1,1,0,0,
0,0,1,1,0,*,0,1,0,0,
1,0,1,1,1,0,*,0,0,0,
0,1,0,0,1,1,0,*,0,0,
0,1,0,0,0,0,0,0,*,0,
1,0,0,0,0,0,0,0,0,*,
k=21
t=10

*,0,0,0,0,1,0,0,0,0,
0,*,0,0,0,1,0,1,0,1,
0,0,*,1,0,0,0,0,0,0,
0,0,1,*,0,1,1,0,0,1,
0,0,0,0,*,1,0,1,0,0,
1,1,0,1,1,*,0,0,1,0,
0,0,0,1,0,0,*,0,0,0,
0,1,0,0,1,0,0,*,0,0,
0,0,0,0,0,1,0,0,*,0,
0,1,0,1,0,0,0,0,0,*,
k=22
t=10

*,1,0,0,0,0,0,1,0,0,
1,*,1,1,0,0,0,0,0,0,
0,1,*,0,0,0,1,0,0,0,
0,1,0,*,0,0,0,0,0,0,
0,0,0,0,*,1,0,1,0,0,
0,0,0,0,1,*,0,1,1,1,
0,0,1,0,0,0,*,0,0,0,
1,0,0,0,1,1,0,*,0,0,
0,0,0,0,0,1,0,0,*,0,
0,0,0,0,0,1,0,0,0,*,
k=23
t=10

*,0,0,0,1,0,0,0,0,0,
0,*,0,0,0,1,0,1,1,0,
0,0,*,0,0,0,0,0,1,0,
0,0,0,*,0,0,1,0,0,0,
1,0,0,0,*,0,0,0,0,1,
0,1,0,0,0,*,0,0,0,0,
0,0,0,1,0,0,*,0,0,0,
0,1,0,0,0,0,0,*,0,0,
0,1,1,0,0,0,0,0,*,0,
0,0,0,0,1,0,0,0,0,*,
k=24
t=10

*,0,0,0,0,0,0,0,0,0,
0,*,1,0,1,0,0,0,0,1,
0,1,*,0,1,0,0,0,0,0,
0,0,0,*,0,0,1,0,0,1,
0,1,1,0,*,0,0,0,0,1,
0,0,0,0,0,*,0,1,0,1,
0,0,0,1,0,0,*,1,0,0,
0,0,0,0,0,1,1,*,1,0,
0,0,0,0,0,0,0,1,*,1,
0,1,0,1,1,1,0,0,1,*,
k=25
t=10

*,1,0,0,0,0,0,0,0,1,
1,*,0,0,0,1,0,0,1,0,
0,0,*,0,0,0,0,1,0,1,
0,0,0,*,0,0,0,0,1,1,
0,0,0,0,*,0,0,1,1,0,
0,1,0,0,0,*,1,0,0,0,
0,0,0,0,0,1,*,1,1,0,
0,0,1,0,1,0,1,*,0,0,
0,1,0,1,1,0,1,0,*,0,
1,0,1,1,0,0,0,0,0,*,
k=26
t=10

*,1,1,0,1,0,0,0,1,0,
1,*,1,0,0,0,0,0,1,0,
1,1,*,0,0,0,0,0,1,0,
0,0,0,*,0,0,0,0,0,0,
1,0,0,0,*,0,0,0,0,0,
0,0,0,0,0,*,0,0,0,1,
0,0,0,0,0,0,*,0,1,0,
0,0,0,0,0,0,0,*,0,1,
1,1,1,0,0,0,1,0,*,0,
0,0,0,0,0,1,0,1,0,*,
k=27
t=10

*,0,1,0,0,0,1,0,0,0,
0,*,1,0,0,0,1,0,1,0,
1,1,*,1,1,0,0,0,1,1,
0,0,1,*,0,0,0,0,0,0,
0,0,1,0,*,1,0,0,0,1,
0,0,0,0,1,*,1,0,1,1,
1,1,0,0,0,1,*,0,1,1,
0,0,0,0,0,0,0,*,1,0,
0,1,1,0,0,1,1,1,*,1,
0,0,1,0,1,1,1,0,1,*,
k=28
t=10

*,1,0,0,0,1,0,0,1,0,
1,*,0,0,0,0,0,0,0,1,
0,0,*,0,0,0,1,1,0,1,
0,0,0,*,0,1,1,0,0,0,
0,0,0,0,*,0,1,0,0,0,
1,0,0,1,0,*,1,1,0,1,
0,0,1,1,1,1,*,1,0,0,
0,0,1,0,0,1,1,*,1,0,
1,0,0,0,0,0,0,1,*,0,
0,1,1,0,0,1,0,0,0,*,
k=29
t=10

*,1,0,0,0,0,1,0,0,0,
1,*,0,1,0,0,0,0,1,0,
0,0,*,0,1,0,0,1,0,1,
0,1,0,*,0,0,0,0,0,1,
0,0,1,0,*,0,0,0,0,0,
0,0,0,0,0,*,0,0,0,1,
1,0,0,0,0,0,*,1,0,1,
0,0,1,0,0,0,1,*,0,1,
0,1,0,0,0,0,0,0,*,0,
0,0,1,1,0,1,1,1,0,*,
k=30
t=10

*,0,0,1,0,0,1,0,1,0,
0,*,0,1,0,0,0,0,0,0,
0,0,*,1,0,1,0,1,0,1,
1,1,1,*,0,0,0,0,0,0,
0,0,0,0,*,0,1,0,1,0,
0,0,1,0,0,*,0,0,0,0,
1,0,0,0,1,0,*,0,0,0,
0,0,1,0,0,0,0,*,0,0,
1,0,0,0,1,0,0,0,*,0,
0,0,1,0,0,0,0,0,0,*,
k=31
t=10

*,0,0,0,0,0,0,1,0,1,
0,*,0,1,0,0,0,0,0,1,
0,0,*,0,1,0,1,0,0,0,
0,1,0,*,0,0,1,0,0,1,
0,0,1,0,*,1,0,0,0,1,
0,0,0,0,1,*,0,0,0,1,
0,0,1,1,0,0,*,0,0,1,
1,0,0,0,0,0,0,*,1,0,
0,0,0,0,0,0,0,1,*,1,
1,1,0,1,1,1,1,0,1,*,
k=32
t=10

*,0,1,0,0,0,0,0,0,0,
0,*,1,0,0,0,1,0,0,0,
1,1,*,0,1,1,0,0,0,0,
0,0,0,*,1,0,0,0,0,0,
0,0,1,1,*,0,0,0,1,0,
0,0,1,0,0,*,1,0,0,1,
0,1,0,0,0,1,*,0,0,0,
0,0,0,0,0,0,0,*,1,0,
0,0,0,0,1,0,0,1,*,0,
0,0,0,0,0,1,0,0,0,*,
k=33
t=10

*,0,0,0,0,1,0,1,1,0,
0,*,1,0,0,0,1,0,0,1,
0,1,*,0,0,1,0,1,1,0,
0,0,0,*,1,0,0,1,1,0,
0,0,0,1,*,0,0,0,0,1,
1,0,1,0,0,*,0,1,1,0,
0,1,0,0,0,0,*,0,1,0,
1,0,1,1,0,1,0,*,1,0,
1,0,1,1,0,1,1,1,*,0,
0,1,0,0,1,0,0,0,0,*,
k=34
t=10

*,0,0,1,1,1,0,0,1,0,
0,*,1,1,0,1,0,0,0,0,
0,1,*,1,1,1,0,0,0,0,
1,1,1,*,0,1,0,0,1,0,
1,0,1,0,*,0,0,0,1,1,
1,1,1,1,0,*,0,0,0,1,
0,0,0,0,0,0,*,0,0,1,
0,0,0,0,0,0,0,*,0,0,
1,0,0,1,1,0,0,0,*,0,
0,0,0,0,1,1,1,0,0,*,
k=35
t=10

*,0,0,0,0,0,1,0,0,0,
0,*,0,1,0,0,1,1,0,1,
0,0,*,0,0,0,0,0,0,1,
0,1,0,*,1,1,0,0,0,0,
0,0,0,1,*,0,0,0,0,0,
0,0,0,1,0,*,0,0,1,0,
1,1,0,0,0,0,*,0,0,0,
0,1,0,0,0,0,0,*,1,0,
0,0,0,0,0,1,0,1,*,0,
0,1,1,0,0,0,0,0,0,*,
k=36
t=10

*,0,1,0,0,0,1,0,0,0,
0,*,0,1,0,0,0,1,0,0,
1,0,*,0,1,1,0,0,0,0,
0,1,0,*,0,0,1,1,0,0,
0,0,1,0,*,1,0,0,0,0,
0,0,1,0,1,*,0,0,1,0,
1,0,0,1,0,0,*,0,0,0,
0,1,0,1,0,0,0,*,0,0,
0,0,0,0,0,1,0,0,*,0,
0,0,0,0,0,0,0,0,0,*,
k=37
t=10

*,1,1,0,0,0,1,0,0,1,
1,*,0,0,0,0,0,0,1,0,
1,0,*,0,0,0,1,0,1,0,
0,0,0,*,0,0,1,1,0,1,
0,0,0,0,*,1,0,1,0,0,
0,0,0,0,1,*,1,0,1,0,
1,0,1,1,0,1,*,1,0,0,
0,0,0,1,1,0,1,*,1,0,
0,1,1,0,0,1,0,1,*,1,
1,0,0,1,0,0,0,0,1,*,
k=38
t=10

*,0,1,0,0,0,1,0,0,0,
0,*,0,0,0,0,1,0,1,0,
1,0,*,0,0,0,0,1,1,0,
0,0,0,*,0,0,0,1,1,0,
0,0,0,0,*,0,0,0,0,0,
0,0,0,0,0,*,0,0,0,1,
1,1,0,0,0,0,*,0,0,1,
0,0,1,1,0,0,0,*,0,0,
0,1,1,1,0,0,0,0,*,1,
0,0,0,0,0,1,1,0,1,*,
k=39
t=10

*,0,0,0,0,0,1,1,1,1,
0,*,1,0,0,1,1,1,0,0,
0,1,*,1,0,1,0,0,0,0,
0,0,1,*,1,1,0,0,0,0,
0,0,0,1,*,1,1,1,0,1,
0,1,1,1,1,*,0,0,1,0,
1,1,0,0,1,0,*,0,0,1,
1,1,0,0,1,0,0,*,1,0,
1,0,0,0,0,1,0,1,*,0,
1,0,0,0,1,0,1,0,0,*,
k=40
t=10

*,1,0,0,0,0,1,1,1,0,
1,*,0,0,0,1,0,0,0,1,
0,0,*,1,0,0,0,0,0,1,
0,0,1,*,1,0,0,0,0,1,
0,0,0,1,*,0,1,0,0,0,
0,1,0,0,0,*,0,0,0,0,
1,0,0,0,1,0,*,1,0,1,
1,0,0,0,0,0,1,*,0,1,
1,0,0,0,0,0,0,0,*,0,
0,1,1,1,0,0,1,1,0,*,
k=41
t=10

*,1,0,0,0,0,1,0,0,0,
1,*,0,0,0,0,1,1,0,0,
0,0,*,0,0,0,1,0,0,1,
0,0,0,*,0,0,1,0,1,0,
0,0,0,0,*,0,1,0,1,0,
0,0,0,0,0,*,0,1,0,0,
1,1,1,1,1,0,*,0,0,0,
0,1,0,0,0,1,0,*,0,0,
0,0,0,1,1,0,0,0,*,0,
0,0,1,0,0,0,0,0,0,*,
k=42
t=10

*,0,0,0,0,0,1,0,0,0,
0,*,0,0,0,1,0,0,1,1,
0,0,*,0,0,1,0,0,1,1,
0,0,0,*,0,0,0,1,0,0,
0,0,0,0,*,0,1,0,0,0,
0,1,1,0,0,*,0,1,0,1,
1,0,0,0,1,0,*,1,0,1,
0,0,0,1,0,1,1,*,0,0,
0,1,1,0,0,0,0,0,*,1,
0,1,1,0,0,1,1,0,1,*,
k=43
t=10

*,0,1,0,0,0,0,1,1,0,
0,*,1,1,0,0,0,0,0,0,
1,1,*,0,0,0,0,0,1,1,
0,1,0,*,0,0,1,0,0,0,
0,0,0,0,*,0,0,0,1,0,
0,0,0,0,0,*,0,0,0,0,
0,0,0,1,0,0,*,0,0,0,
1,0,0,0,0,0,0,*,1,0,
1,0,1,0,1,0,0,1,*,1,
0,0,1,0,0,0,0,0,1,*,
k=44
t=10

*,0,0,1,0,0,0,0,1,1,
0,*,0,0,1,0,0,0,0,0,
0,0,*,0,0,0,0,0,0,0,
1,0,0,*,0,1,0,1,0,0,
0,1,0,0,*,0,0,1,1,0,
0,0,0,1,0,*,1,1,0,0,
0,0,0,0,0,1,*,1,0,0,
0,0,0,1,1,1,1,*,1,0,
1,0,0,0,1,0,0,1,*,1,
1,0,0,0,0,0,0,0,1,*,
k=45
t=10

*,0,0,0,0,0,0,0,1,1,
0,*,1,0,0,1,0,1,0,0,
0,1,*,0,0,0,0,0,0,0,
0,0,0,*,0,0,1,0,1,0,
0,0,0,0,*,0,0,0,0,0,
0,1,0,0,0,*,0,1,0,0,
0,0,0,1,0,0,*,1,0,0,
0,1,0,0,0,1,1,*,0,0,
1,0,0,1,0,0,0,0,*,0,
1,0,0,0,0,0,0,0,0,*,
k=46
t=10

*,0,0,1,0,1,0,0,0,0,
0,*,0,0,0,1,0,0,0,1,
0,0,*,0,0,0,1,1,0,0,
1,0,0,*,0,0,1,1,0,0,
0,0,0,0,*,0,0,0,0,1,
1,1,0,0,0,*,0,1,0,1,
0,0,1,1,0,0,*,1,0,1,
0,0,1,1,0,1,1,*,0,1,
0,0,0,0,0,0,0,0,*,0,
0,1,0,0,1,1,1,1,0,*,
k=47
t=10

*,0,0,1,1,0,1,0,1,1,
0,*,0,0,0,1,0,0,0,0,
0,0,*,0,0,0,0,0,0,1,
1,0,0,*,0,1,1,0,0,1,
1,0,0,0,*,0,0,0,0,1,
0,1,0,1,0,*,1,0,0,1,
1,0,0,1,0,1,*,0,0,1,
0,0,0,0,0,0,0,*,1,0,
1,0,0,0,0,0,0,1,*,1,
1,0,1,1,1,1,1,0,1,*,
k=48
t=10

*,0,1,0,0,0,0,1,0,1,
0,*,0,0,0,0,0,0,0,0,
1,0,*,1,0,0,0,0,1,0,
0,0,1,*,1,0,0,0,0,0,
0,0,0,1,*,0,1,0,0,1,
0,0,0,0,0,*,0,0,0,0,
0,0,0,0,1,0,*,0,0,0,
1,0,0,0,0,0,0,*,0,0,
0,0,1,0,0,0,0,0,*,1,
1,0,0,0,1,0,0,0,1,*,
k=49
t=10

*,0,0,0,0,0,1,0,0,0,
0,*,0,0,1,0,0,0,0,0,
0,0,*,0,0,0,1,1,0,0,
0,0,0,*,0,0,1,0,0,1,
0,1,0,0,*,0,0,1,0,0,
0,0,0,0,0,*,0,1,1,0,
1,0,1,1,0,0,*,0,0,1,
0,0,1,0,1,1,0,*,0,1,
0,0,0,0,0,1,0,0,*,0,
0,0,0,1,0,0,1,1,0,*,
k=50
t=10

*,0,0,0,0,0,1,0,0,1,
0,*,1,0,0,1,0,1,0,1,
0,1,*,0,1,1,0,0,0,1,
0,0,0,*,0,0,1,1,1,1,
0,0,1,0,*,0,1,1,0,0,
0,1,1,0,0,*,1,0,1,1,
1,0,0,1,1,1,*,0,0,1,
0,1,0,1,1,0,0,*,0,1,
0,0,0,1,0,1,0,0,*,0,
1,1,1,1,0,1,1,1,0,*,
k=51
t=10

*,0,1,0,0,1,0,0,0,0,
0,*,1,0,0,0,1,0,1,0,
1,1,*,1,0,0,0,1,0,1,
0,0,1,*,1,0,0,0,0,0,
0,0,0,1,*,0,1,0,0,1,
1,0,0,0,0,*,0,0,0,1,
0,1,0,0,1,0,*,0,0,0,
0,0,1,0,0,0,0,*,0,0,
0,1,0,0,0,0,0,0,*,0,
0,0,1,0,1,1,0,0,0,*,
k=52
t=10

*,1,0,1,0,0,0,0,0,1,
1,*,0,0,0,1,0,1,0,1,
0,0,*,0,0,0,0,0,0,1,
1,0,0,*,1,0,0,1,0,0,
0,0,0,1,*,0,0,1,1,1,
0,1,0,0,0,*,0,0,0,1,
0,0,0,0,0,0,*,0,1,0,
0,1,0,1,1,0,0,*,1,0,
0,0,0,0,1,0,1,1,*,1,
1,1,1,0,1,1,0,0,1,*,
k=53
t=10

*,1,1,1,1,0,1,0,0,0,
1,*,0,0,0,0,0,0,0,0,
1,0,*,1,1,0,0,1,1,0,
1,0,1,*,1,0,0,0,1,0,
1,0,1,1,*,0,1,1,0,0,
0,0,0,0,0,*,0,1,0,0,
1,0,0,0,1,0,*,0,1,0,
0,0,1,0,1,1,0,*,0,0,
0,0,1,1,0,0,1,0,*,0,
0,0,0,0,0,0,0,0,0,*,
k=54
t=10

*,0,1,1,1,1,0,0,0,0,
0,*,1,0,0,0,1,0,0,0,
1,1,*,1,0,1,1,0,0,0,
1,0,1,*,1,0,1,0,0,0,
1,0,0,1,*,0,0,0,0,0,
1,0,1,0,0,*,0,0,0,1,
0,1,1,1,0,0,*,0,0,1,
0,0,0,0,0,0,0,*,0,0,
0,0,0,0,0,0,0,0,*,0,
0,0,0,0,0,1,1,0,0,*,
k=55
t=10

*,0,0,0,0,0,0,0,1,1,
0,*,0,0,1,0,0,0,0,0,
0,0,*,1,1,0,0,0,0,0,
0,0,1,*,0,0,1,0,0,0,
0,1,1,0,*,0,0,0,0,0,
0,0,0,0,0,*,0,0,0,1,
0,0,0,1,0,0,*,0,1,0,
0,0,0,0,0,0,0,*,0,0,
1,0,0,0,0,0,1,0,*,0,
1,0,0,0,0,1,0,0,0,*,
k=56
t=10

*,1,1,1,0,0,1,1,0,0,
1,*,0,0,1,1,1,0,1,0,
1,0,*,1,0,1,1,0,0,0,
1,0,1,*,0,1,0,1,0,0,
0,1,0,0,*,0,0,1,0,1,
0,1,1,1,0,*,0,0,0,1,
1,1,1,0,0,0,*,0,0,0,
1,0,0,1,1,0,0,*,0,1,
0,1,0,0,0,0,0,0,*,0,
0,0,0,0,1,1,0,1,0,*,
k=57
t=10

*,0,0,0,1,0,0,1,0,0,
0,*,1,0,0,1,1,0,1,1,
0,1,*,0,0,0,0,1,0,1,
0,0,0,*,0,0,1,0,1,0,
1,0,0,0,*,1,0,0,1,1,
0,1,0,0,1,*,0,0,0,0,
0,1,0,1,0,0,*,1,0,0,
1,0,1,0,0,0,1,*,0,0,
0,1,0,1,1,0,0,0,*,0,
0,1,1,0,1,0,0,0,0,*,
k=58
t=10

*,0,0,0,0,1,0,1,0,0,
0,*,0,0,1,0,1,0,1,1,
0,0,*,0,0,0,0,0,0,0,
0,0,0,*,1,1,0,0,1,1,
0,1,0,1,*,0,0,0,0,0,
1,0,0,1,0,*,1,0,0,0,
0,1,0,0,0,1,*,0,1,0,
1,0,0,0,0,0,0,*,0,0,
0,1,0,1,0,0,1,0,*,0,
0,1,0,1,0,0,0,0,0,*,
k=59
t=10

*,0,0,0,0,0,1,0,1,0,
0,*,0,0,1,0,1,0,1,0,
0,0,*,0,0,0,1,0,0,0,
0,0,0,*,0,0,1,0,1,1,
0,1,0,0,*,1,0,0,0,0,
0,0,0,0,1,*,0,0,0,1,
1,1,1,1,0,0,*,0,0,0,
0,0,0,0,0,0,0,*,0,0,
1,1,0,1,0,0,0,0,*,1,
0,0,0,1,0,1,0,0,1,*,
k=60
t=10

*,1,0,1,0,0,1,1,0,0,
1,*,1,1,0,1,0,0,0,0,
0,1,*,0,0,1,0,1,1,1,
1,1,0,*,1,0,1,0,0,1,
0,0,0,1,*,0,0,1,1,0,
0,1,1,0,0,*,1,0,0,0,
1,0,0,1,0,1,*,0,1,0,
1,0,1,0,1,0,0,*,1,1,
0,0,1,0,1,0,1,1,*,0,
0,0,1,1,0,0,0,1,0,*,
k=61
t=10

*,1,0,0,0,1,0,0,0,0,
1,*,1,0,0,0,0,0,0,0,
0,1,*,1,1,0,0,1,0,0,
0,0,1,*,0,0,0,1,0,0,
0,0,1,0,*,1,0,0,0,0,
1,0,0,0,1,*,0,1,0,1,
0,0,0,0,0,0,*,1,1,0,
0,0,1,1,0,1,1,*,0,0,
0,0,0,0,0,0,1,0,*,0,
0,0,0,0,0,1,0,0,0,*,
k=62
t=10

*,0,0,1,1,0,0,0,0,1,
0,*,0,1,0,1,0,0,0,0,
0,0,*,0,0,1,1,0,1,0,
1,1,0,*,0,1,0,0,0,0,
1,0,0,0,*,1,0,0,1,0,
0,1,1,1,1,*,1,0,0,0,
0,0,1,0,0,1,*,0,0,0,
0,0,0,0,0,0,0,*,0,0,
0,0,1,0,1,0,0,0,*,0,
1,0,0,0,0,0,0,0,0,*,
k=63
t=10

*,0,0,1,0,0,0,1,0,0,
0,*,0,0,1,0,0,0,0,1,
0,0,*,0,0,0,1,1,0,0,
1,0,0,*,0,0,0,0,0,0,
0,1,0,0,*,0,0,1,0,0,
0,0,0,0,0,*,0,0,1,0,
0,0,1,0,0,0,*,1,0,0,
1,0,1,0,1,0,1,*,0,0,
0,0,0,0,0,1,0,0,*,1,
0,1,0,0,0,0,0,0,1,*,
k=64
t=10

*,0,0,0,0,0,0,0,0,1,
0,*,0,0,1,1,1,0,0,0,
0,0,*,1,1,0,0,0,0,0,
0,0,1,*,0,1,1,1,0,0,
0,1,1,0,*,1,0,0,1,0,
0,1,0,1,1,*,0,0,0,1,
0,1,0,1,0,0,*,0,0,0,
0,0,0,1,0,0,0,*,0,0,
0,0,0,0,1,0,0,0,*,1,
1,0,0,0,0,1,0,0,1,*,
k=65
t=10

*,0,0,0,1,0,0,0,0,0,
0,*,1,0,0,0,1,0,0,0,
0,1,*,0,0,0,1,0,0,0,
0,0,0,*,0,1,0,0,0,0,
1,0,0,0,*,0,1,0,0,0,
0,0,0,1,0,*,1,0,0,0,
0,1,1,0,1,1,*,1,0,0,
0,0,0,0,0,0,1,*,0,0,
0,0,0,0,0,0,0,0,*,1,
0,0,0,0,0,0,0,0,1,*,
k=66
t=10

*,0,0,0,1,1,0,0,0,0,
0,*,1,1,0,0,1,0,0,0,
0,1,*,0,1,0,0,0,1,1,
0,1,0,*,0,0,0,1,0,1,
1,0,1,0,*,1,0,0,0,0,
1,0,0,0,1,*,0,0,0,0,
0,1,0,0,0,0,*,0,0,0,
0,0,0,1,0,0,0,*,0,0,
0,0,1,0,0,0,0,0,*,0,
0,0,1,1,0,0,0,0,0,*,
k=67
t=10

*,1,0,0,0,0,1,1,0,0,
1,*,1,0,0,1,0,0,0,0,
0,1,*,0,0,0,0,0,0,1,
0,0,0,*,1,0,1,0,0,1,
0,0,0,1,*,0,0,0,1,0,
0,1,0,0,0,*,0,0,0,0,
1,0,0,1,0,0,*,0,1,0,
1,0,0,0,0,0,0,*,0,1,
0,0,0,0,1,0,1,0,*,0,
0,0,1,1,0,0,0,1,0,*,
k=68
t=10

*,0,1,1,0,1,1,1,1,0,
0,*,0,1,0,0,0,1,1,1,
1,0,*,1,0,0,0,0,1,1,
1,1,1,*,0,0,0,0,1,1,
0,0,0,0,*,1,0,0,1,1,
1,0,0,0,1,*,1,0,0,0,
1,0,0,0,0,1,*,1,1,0,
1,1,0,0,0,0,1,*,0,0,
1,1,1,1,1,0,1,0,*,0,
0,1,1,1,1,0,0,0,0,*,
k=69
t=10

*,1,1,1,0,0,0,0,0,0,
1,*,1,0,1,1,0,0,0,0,
1,1,*,0,0,0,0,0,0,1,
1,0,0,*,1,1,0,0,0,0,
0,1,0,1,*,0,0,0,0,0,
0,1,0,1,0,*,0,1,0,0,
0,0,0,0,0,0,*,0,1,0,
0,0,0,0,0,1,0,*,0,0,
0,0,0,0,0,0,1,0,*,0,
0,0,1,0,0,0,0,0,0,*,
k=70
t=10

*,1,0,1,0,0,1,0,0,0,
1,*,0,1,0,1,1,1,0,0,
0,0,*,0,1,0,0,1,0,0,
1,1,0,*,0,1,0,0,0,0,
0,0,1,0,*,0,0,0,1,0,
0,1,0,1,0,*,0,0,1,0,
1,1,0,0,0,0,*,0,0,0,
0,1,1,0,0,0,0,*,1,0,
0,0,0,0,1,1,0,1,*,0,
0,0,0,0,0,0,0,0,0,*,
k=71
t=10

*,1,0,0,1,1,0,0,1,1,
1,*,0,0,0,0,1,0,0,0,
0,0,*,0,1,0,0,0,1,0,
0,0,0,*,0,0,0,1,0,1,
1,0,1,0,*,0,1,0,0,0,
1,0,0,0,0,*,0,0,1,0,
0,1,0,0,1,0,*,0,0,0,
0,0,0,1,0,0,0,*,1,0,
1,0,1,0,0,1,0,1,*,1,
1,0,0,1,0,0,0,0,1,*,
k=72
t=10

*,0,0,1,0,1,0,0,0,0,
0,*,0,0,0,0,0,0,0,0,
0,0,*,1,0,1,0,0,1,0,
1,0,1,*,0,0,1,0,0,0,
0,0,0,0,*,0,0,0,0,0,
1,0,1,0,0,*,0,0,1,0,
0,0,0,1,0,0,*,0,1,0,
0,0,0,0,0,0,0,*,1,1,
0,0,1,0,0,1,1,1,*,0,
0,0,0,0,0,0,0,1,0,*,
k=73
t=10

*,1,0,0,0,0,1,0,0,0,
1,*,0,0,0,0,0,0,0,1,
0,0,*,0,1,1,0,0,0,1,
0,0,0,*,0,0,0,0,1,1,
0,0,1,0,*,0,0,0,0,1,
0,0,1,0,0,*,0,0,0,1,
1,0,0,0,0,0,*,0,1,0,
0,0,0,0,0,0,0,*,0,0,
0,0,0,1,0,0,1,0,*,0,
0,1,1,1,1,1,0,0,0,*,
k=74
t=10

*,0,1,1,0,0,0,1,1,0,
0,*,0,0,1,0,0,0,1,1,
1,0,*,1,0,0,0,0,1,0,
1,0,1,*,0,1,0,0,1,0,
0,1,0,0,*,0,0,0,1,1,
0,0,0,1,0,*,1,0,1,1,
0,0,0,0,0,1,*,0,0,0,
1,0,0,0,0,0,0,*,1,0,
1,1,1,1,1,1,0,1,*,1,
0,1,0,0,1,1,0,0,1,*,
k=75
t=10

*,1,0,0,0,0,0,0,1,0,
1,*,0,1,0,0,0,0,0,0,
0,0,*,1,0,0,1,1,0,1,
0,1,1,*,0,0,0,0,1,0,
0,0,0,0,*,0,0,0,0,1,
0,0,0,0,0,*,1,0,1,1,
0,0,1,0,0,1,*,1,1,0,
0,0,1,0,0,0,1,*,0,0,
1,0,0,1,0,1,1,0,*,0,
0,0,1,0,1,1,0,0,0,*,
k=76
t=10

*,0,0,0,0,0,0,1,1,0,
0,*,0,0,1,0,0,1,0,0,
0,0,*,1,0,0,0,0,0,1,
0,0,1,*,1,1,0,0,0,1,
0,1,0,1,*,0,0,1,0,0,
0,0,0,1,0,*,0,0,1,1,
0,0,0,0,0,0,*,0,1,1,
1,1,0,0,1,0,0,*,0,1,
1,0,0,0,0,1,1,0,*,1,
0,0,1,1,0,1,1,1,1,*,
k=77
t=10

*,0,0,1,0,0,0,0,0,0,
0,*,0,0,0,1,0,0,1,0,
0,0,*,0,0,0,0,1,0,0,
1,0,0,*,1,0,0,0,1,0,
0,0,0,1,*,0,0,0,0,0,
0,1,0,0,0,*,1,1,0,0,
0,0,0,0,0,1,*,0,0,0,
0,0,1,0,0,1,0,*,1,0,
0,1,0,1,0,0,0,1,*,0,
0,0,0,0,0,0,0,0,0,*,
k=78
t=10

*,0,0,0,0,0,0,1,0,0,
0,*,0,0,1,0,1,0,0,0,
0,0,*,0,0,0,0,0,0,0,
0,0,0,*,0,0,0,0,0,1,
0,1,0,0,*,1,0,0,1,0,
0,0,0,0,1,*,0,1,0,1,
0,1,0,0,0,0,*,1,1,0,
1,0,0,0,0,1,1,*,0,0,
0,0,0,0,1,0,1,0,*,0,
0,0,0,1,0,1,0,0,0,*,
k=79
t=10

*,1,1,1,0,0,0,0,0,0,
1,*,0,0,1,0,0,0,0,0,
1,0,*,0,0,0,0,0,0,0,
1,0,0,*,0,1,1,1,0,0,
0,1,0,0,*,0,1,0,1,0,
0,0,0,1,0,*,1,0,0,1,
0,0,0,1,1,1,*,0,0,0,
0,0,0,1,0,0,0,*,1,1,
0,0,0,0,1,0,0,1,*,0,
0,0,0,0,0,1,0,1,0,*,
k=80
t=10

*,0,0,0,0,0,0,0,1,0,
0,*,0,1,0,1,0,0,1,0,
0,0,*,0,1,1,0,0,0,0,
0,1,0,*,0,0,0,1,0,0,
0,0,1,0,*,1,0,0,1,0,
0,1,1,0,1,*,0,0,0,0,
0,0,0,0,0,0,*,1,0,0,
0,0,0,1,0,0,1,*,0,0,
1,1,0,0,1,0,0,0,*,0,
0,0,0,0,0,0,0,0,0,*,
k=81
t=10

*,1,0,0,1,0,1,0,0,0,
1,*,1,1,0,1,1,0,1,0,
0,1,*,1,0,0,0,0,0,0,
0,1,1,*,0,1,0,0,1,1,
1,0,0,0,*,0,0,0,1,0,
0,1,0,1,0,*,0,1,1,0,
1,1,0,0,0,0,*,0,0,1,
0,0,0,0,0,1,0,*,0,0,
0,1,0,1,1,1,0,0,*,0,
0,0,0,1,0,0,1,0,0,*,
k=82
t=10

*,0,0,0,1,1,0,1,0,0,
0,*,1,0,0,0,0,0,0,1,
0,1,*,1,1,0,0,0,0,0,
0,0,1,*,1,1,1,1,0,1,
1,0,1,1,*,0,0,0,0,1,
1,0,0,1,0,*,0,1,1,1,
0,0,0,1,0,0,*,1,0,0,
1,0,0,1,0,1,1,*,0,0,
0,0,0,0,0,1,0,0,*,0,
0,1,0,1,1,1,0,0,0,*,
k=83
t=10

*,1,0,0,1,0,1,0,0,0,
1,*,1,1,0,0,0,1,0,1,
0,1,*,0,0,0,1,0,1,1,
0,1,0,*,0,1,0,0,0,1,
1,0,0,0,*,1,0,1,0,0,
0,0,0,1,1,*,0,0,1,0,
1,0,1,0,0,0,*,0,0,1,
0,1,0,0,1,0,0,*,0,0,
0,0,1,0,0,1,0,0,*,0,
0,1,1,1,0,0,1,0,0,*,
k=84
t=10

*,0,1,0,0,1,0,0,0,0,
0,*,0,0,1,0,0,1,0,1,
1,0,*,0,0,0,0,0,1,1,
0,0,0,*,0,0,1,0,0,0,
0,1,0,0,*,0,0,1,0,0,
1,0,0,0,0,*,0,0,0,0,
0,0,0,1,0,0,*,0,0,0,
0,1,0,0,1,0,0,*,0,0,
0,0,1,0,0,0,0,0,*,0,
0,1,1,0,0,0,0,0,0,*,
k=85
t=10

*,0,0,1,0,1,0,0,0,0,
0,*,1,1,1,0,0,0,0,0,
0,1,*,1,0,0,0,0,1,1,
1,1,1,*,0,0,0,0,0,1,
0,1,0,0,*,0,0,1,1,0,
1,0,0,0,0,*,0,0,0,1,
0,0,0,0,0,0,*,0,0,0,
0,0,0,0,1,0,0,*,0,0,
0,0,1,0,1,0,0,0,*,1,
0,0,1,1,0,1,0,0,1,*,
k=86
t=10

*,1,1,0,0,0,0,0,0,0,
1,*,0,0,1,0,1,1,0,0,
1,0,*,1,0,0,0,0,1,1,
0,0,1,*,0,0,0,0,0,1,
0,1,0,0,*,1,0,0,0,1,
0,0,0,0,1,*,0,1,0,0,
0,1,0,0,0,0,*,0,1,1,
0,1,0,0,0,1,0,*,0,1,
0,0,1,0,0,0,1,0,*,0,
0,0,1,1,1,0,1,1,0,*,
k=87
t=10

*,0,0,0,0,0,0,0,0,0,
0,*,0,0,1,1,0,0,0,0,
0,0,*,0,0,0,0,0,1,0,
0,0,0,*,0,0,0,1,1,1,
0,1,0,0,*,0,1,0,0,0,
0,1,0,0,0,*,1,0,0,0,
0,0,0,0,1,1,*,0,1,0,
0,0,0,1,0,0,0,*,1,0,
0,0,1,1,0,0,1,1,*,0,
0,0,0,1,0,0,0,0,0,*,
k=88
t=10

*,0,0,0,1,1,0,0,0,1,
0,*,0,0,1,0,1,0,0,0,
0,0,*,0,1,0,0,0,0,0,
0,0,0,*,0,1,0,0,1,1,
1,1,1,0,*,1,0,0,1,0,
1,0,0,1,1,*,0,1,0,1,
0,1,0,0,0,0,*,0,0,0,
0,0,0,0,0,1,0,*,1,0,
0,0,0,1,1,0,0,1,*,0,
1,0,0,1,0,1,0,0,0,*,
k=89
t=10

*,0,0,1,0,1,0,0,1,1,
0,*,0,1,0,0,0,0,1,0,
0,0,*,1,0,0,0,0,0,0,
1,1,1,*,0,0,0,0,0,0,
0,0,0,0,*,0,0,1,0,0,
1,0,0,0,0,*,1,1,0,0,
0,0,0,0,0,1,*,0,0,0,
0,0,0,0,1,1,0,*,0,0,
1,1,0,0,0,0,0,0,*,1,
1,0,0,0,0,0,0,0,1,*,
k=90
t=10

*,0,1,0,1,1,1,1,0,0,
0,*,0,0,0,1,0,0,0,0,
1,0,*,0,1,1,0,0,1,1,
0,0,0,*,0,0,0,0,0,0,
1,0,1,0,*,1,1,1,0,0,
1,1,1,0,1,*,1,1,1,0,
1,0,0,0,1,1,*,0,0,0,
1,0,0,0,1,1,0,*,1,0,
0,0,1,0,0,1,0,1,*,1,
0,0,1,0,0,0,0,0,1,*,
k=91
t=10

*,0,1,1,1,0,1,0,0,0,
0,*,1,0,0,1,0,0,0,1,
1,1,*,0,0,0,0,1,0,1,
1,0,0,*,0,0,0,0,0,1,
1,0,0,0,*,0,0,1,0,1,
0,1,0,0,0,*,1,0,0,1,
1,0,0,0,0,1,*,0,1,1,
0,0,1,0,1,0,0,*,1,0,
0,0,0,0,0,0,1,1,*,1,
0,1,1,1,1,1,1,0,1,*,
k=92
t=10

*,0,0,0,0,1,1,0,0,1,
0,*,0,0,0,0,0,0,0,0,
0,0,*,0,0,0,0,0,0,0,
0,0,0,*,0,0,1,1,0,0,
0,0,0,0,*,0,0,0,1,1,
1,0,0,0,0,*,0,0,0,1,
1,0,0,1,0,0,*,0,1,1,
0,0,0,1,0,0,0,*,0,1,
0,0,0,0,1,0,1,0,*,1,
1,0,0,0,1,1,1,1,1,*,
k=93
t=10

*,1,0,0,0,0,0,0,1,0,
1,*,1,0,1,0,1,1,0,0,
0,1,*,1,1,1,0,0,1,0,
0,0,1,*,0,0,1,0,0,0,
0,1,1,0,*,0,0,0,0,0,
0,0,1,0,0,*,0,1,0,0,
0,1,0,1,0,0,*,0,0,0,
0,1,0,0,0,1,0,*,1,0,
1,0,1,0,0,0,0,1,*,0,
0,0,0,0,0,0,0,0,0,*,
k=94
t=10

*,0,0,0,0,1,0,0,0,1,
0,*,0,0,0,1,1,0,1,1,
0,0,*,0,0,0,0,1,0,0,
0,0,0,*,1,1,1,0,0,0,
0,0,0,1,*,0,0,0,1,0,
1,1,0,1,0,*,1,1,0,0,
0,1,0,1,0,1,*,1,0,0,
0,0,1,0,0,1,1,*,1,1,
0,1,0,0,1,0,0,1,*,0,
1,1,0,0,0,0,0,1,0,*,
k=95
t=10

*,0,0,1,0,1,0,0,0,0,
0,*,0,0,0,1,0,0,0,0,
0,0,*,0,0,0,0,0,1,0,
1,0,0,*,0,1,0,0,0,1,
0,0,0,0,*,0,0,0,0,0,
1,1,0,1,0,*,0,0,0,0,
0,0,0,0,0,0,*,0,1,0,
0,0,0,0,0,0,0,*,0,0,
0,0,1,0,0,0,1,0,*,0,
0,0,0,1,0,0,0,0,0,*,
k=96
t=10

*,1,0,0,0,0,0,0,0,1,
1,*,0,0,0,0,1,1,1,0,
0,0,*,0,0,1,0,0,0,0,
0,0,0,*,0,0,0,0,0,0,
0,0,0,0,*,0,0,0,1,1,
0,0,1,0,0,*,1,1,0,0,
0,1,0,0,0,1,*,1,0,0,
0,1,0,0,0,1,1,*,1,1,
0,1,0,0,1,0,0,1,*,1,
1,0,0,0,1,0,0,1,1,*,
k=97
t=10

*,0,0,0,1,0,1,1,0,1,
0,*,0,0,0,0,0,0,0,1,
0,0,*,0,1,0,1,1,0,0,
0,0,0,*,0,1,0,1,0,0,
1,0,1,0,*,0,0,1,0,0,
0,0,0,1,0,*,0,0,0,0,
1,0,1,0,0,0,*,1,0,0,
1,0,1,1,1,0,1,*,1,0,
0,0,0,0,0,0,0,1,*,0,
1,1,0,0,0,0,0,0,0,*,
k=98
t=10

*,0,0,0,0,1,0,1,0,1,
0,*,1,1,0,1,1,0,0,0,
0,1,*,1,0,1,0,1,0,0,
0,1,1,*,0,1,0,0,0,0,
0,0,0,0,*,0,0,0,1,0,
1,1,1,1,0,*,0,0,1,1,
0,1,0,0,0,0,*,0,0,0,
1,0,1,0,0,0,0,*,0,0,
0,0,0,0,1,1,0,0,*,1,
1,0,0,0,0,1,0,0,1,*,
k=99
t=10

*,0,0,0,0,1,0,1,1,0,
0,*,0,0,0,1,0,1,1,0,
0,0,*,1,1,1,0,1,0,0,
0,0,1,*,0,0,0,0,1,1,
0,0,1,0,*,1,0,0,0,0,
1,1,1,0,1,*,0,1,1,0,
0,0,0,0,0,0,*,0,0,1,
1,1,1,0,0,1,0,*,1,0,
1,1,0,1,0,1,0,1,*,1,
0,0,0,1,0,0,1,0,1,*,
k=100
t=10


Arc Weights at final k (100)
1,1,1,1,1,1,1,1,1,1,
1,1,1,1,1,1,1,1,1,1,
1,1,1,1,1,1,1,1,1,1,
1,1,1,1,1,1,1,1,1,1,
1,1,1,1,1,1,1,1,1,1,
1,1,1,1,1,1,1,1,1,1,
1,1,1,1,1,1,1,1,1,1,
1,1,1,1,1,1,1,1,1,1,
1,1,1,1,1,1,1,1,1,1,
1,1,1,1,1,1,1,1,1,1,

Node Max Interfaces:
1,1,1,1,1,1,1,1,1,1,
