// Dynamic Topology Format (DTF)
numSat=4
numET=1
numK=x
totalTime=1 day
ISL Range=1000
ET-LEO Rangeist=2000

*,0,0,0,0,
0,*,1,0,0,
0,1,*,1,0,
0,0,1,*,1,
0,0,0,1,*,
k=1
t=31613

*,0,0,0,1,
0,*,1,0,0,
0,1,*,1,0,
0,0,1,*,1,
1,0,0,1,*,
k=2
t=76

*,0,0,1,1,
0,*,1,0,0,
0,1,*,1,0,
1,0,1,*,1,
1,0,0,1,*,
k=3
t=76

*,0,1,1,1,
0,*,1,0,0,
1,1,*,1,0,
1,0,1,*,1,
1,0,0,1,*,
k=4
t=76

*,1,1,1,1,
1,*,1,0,0,
1,1,*,1,0,
1,0,1,*,1,
1,0,0,1,*,
k=5
t=196

*,1,1,1,0,
1,*,1,0,0,
1,1,*,1,0,
1,0,1,*,1,
0,0,0,1,*,
k=6
t=83

*,1,1,0,0,
1,*,1,0,0,
1,1,*,1,0,
0,0,1,*,1,
0,0,0,1,*,
k=7
t=81

*,1,0,0,0,
1,*,1,0,0,
0,1,*,1,0,
0,0,1,*,1,
0,0,0,1,*,
k=8
t=81

*,0,0,0,0,
0,*,1,0,0,
0,1,*,1,0,
0,0,1,*,1,
0,0,0,1,*,
k=9
t=5048

*,0,0,0,1,
0,*,1,0,0,
0,1,*,1,0,
0,0,1,*,1,
1,0,0,1,*,
k=10
t=85

*,0,0,1,1,
0,*,1,0,0,
0,1,*,1,0,
1,0,1,*,1,
1,0,0,1,*,
k=11
t=83

*,0,1,1,1,
0,*,1,0,0,
1,1,*,1,0,
1,0,1,*,1,
1,0,0,1,*,
k=12
t=82

*,1,1,1,1,
1,*,1,0,0,
1,1,*,1,0,
1,0,1,*,1,
1,0,0,1,*,
k=13
t=165

*,1,1,1,0,
1,*,1,0,0,
1,1,*,1,0,
1,0,1,*,1,
0,0,0,1,*,
k=14
t=76

*,1,1,0,0,
1,*,1,0,0,
1,1,*,1,0,
0,0,1,*,1,
0,0,0,1,*,
k=15
t=76

*,1,0,0,0,
1,*,1,0,0,
0,1,*,1,0,
0,0,1,*,1,
0,0,0,1,*,
k=16
t=76

*,0,0,0,0,
0,*,1,0,0,
0,1,*,1,0,
0,0,1,*,1,
0,0,0,1,*,
k=17
t=35671

*,0,0,0,1,
0,*,1,0,0,
0,1,*,1,0,
0,0,1,*,1,
1,0,0,1,*,
k=18
t=74

*,0,0,1,1,
0,*,1,0,0,
0,1,*,1,0,
1,0,1,*,1,
1,0,0,1,*,
k=19
t=74

*,0,1,1,1,
0,*,1,0,0,
1,1,*,1,0,
1,0,1,*,1,
1,0,0,1,*,
k=20
t=74

*,1,1,1,1,
1,*,1,0,0,
1,1,*,1,0,
1,0,1,*,1,
1,0,0,1,*,
k=21
t=80

*,1,1,1,0,
1,*,1,0,0,
1,1,*,1,0,
1,0,1,*,1,
0,0,0,1,*,
k=22
t=89

*,1,1,0,0,
1,*,1,0,0,
1,1,*,1,0,
0,0,1,*,1,
0,0,0,1,*,
k=23
t=84

*,1,0,0,0,
1,*,1,0,0,
0,1,*,1,0,
0,0,1,*,1,
0,0,0,1,*,
k=24
t=83

*,0,0,0,0,
0,*,1,0,0,
0,1,*,1,0,
0,0,1,*,1,
0,0,0,1,*,
k=25
t=5078

*,0,0,0,1,
0,*,1,0,0,
0,1,*,1,0,
0,0,1,*,1,
1,0,0,1,*,
k=26
t=80

*,0,0,1,1,
0,*,1,0,0,
0,1,*,1,0,
1,0,1,*,1,
1,0,0,1,*,
k=27
t=80

*,0,1,1,1,
0,*,1,0,0,
1,1,*,1,0,
1,0,1,*,1,
1,0,0,1,*,
k=28
t=82

*,1,1,1,1,
1,*,1,0,0,
1,1,*,1,0,
1,0,1,*,1,
1,0,0,1,*,
k=29
t=242

*,1,1,1,0,
1,*,1,0,0,
1,1,*,1,0,
1,0,1,*,1,
0,0,0,1,*,
k=30
t=74

*,1,1,0,0,
1,*,1,0,0,
1,1,*,1,0,
0,0,1,*,1,
0,0,0,1,*,
k=31
t=77

*,1,0,0,0,
1,*,1,0,0,
0,1,*,1,0,
0,0,1,*,1,
0,0,0,1,*,
k=32
t=77

*,0,0,0,0,
0,*,1,0,0,
0,1,*,1,0,
0,0,1,*,1,
0,0,0,1,*,
k=33
t=6447
