// Dynamic Topology Format (DTF)
numSat=4
numET=1
numK=x
totalTime=1 day
ISL Range=1000
ET-LEO Rangeist=20

*,0,0,0,0,
0,*,0,0,0,
0,0,*,0,0,
0,0,0,*,0,
0,0,0,0,*,
k=1
t=541

*,0,0,0,0,
0,*,1,0,0,
0,1,*,1,0,
0,0,1,*,1,
0,0,0,1,*,
k=2
t=499

*,0,0,0,0,
0,*,1,1,0,
0,1,*,1,1,
0,1,1,*,1,
0,0,1,1,*,
k=3
t=134

*,0,0,0,0,
0,*,1,1,1,
0,1,*,1,1,
0,1,1,*,1,
0,1,1,1,*,
k=4
t=516

*,0,0,0,0,
0,*,1,1,0,
0,1,*,1,1,
0,1,1,*,1,
0,0,1,1,*,
k=5
t=133

*,0,0,0,0,
0,*,1,0,0,
0,1,*,1,0,
0,0,1,*,1,
0,0,0,1,*,
k=6
t=499

*,0,0,0,0,
0,*,0,0,0,
0,0,*,0,0,
0,0,0,*,0,
0,0,0,0,*,
k=7
t=1089

*,0,0,0,0,
0,*,1,0,0,
0,1,*,1,0,
0,0,1,*,1,
0,0,0,1,*,
k=8
t=499

*,0,0,0,0,
0,*,1,1,0,
0,1,*,1,1,
0,1,1,*,1,
0,0,1,1,*,
k=9
t=134

*,0,0,0,0,
0,*,1,1,1,
0,1,*,1,1,
0,1,1,*,1,
0,1,1,1,*,
k=10
t=517

*,0,0,0,0,
0,*,1,1,0,
0,1,*,1,1,
0,1,1,*,1,
0,0,1,1,*,
k=11
t=134

*,0,0,0,0,
0,*,1,0,0,
0,1,*,1,0,
0,0,1,*,1,
0,0,0,1,*,
k=12
t=500

*,0,0,0,0,
0,*,0,0,0,
0,0,*,0,0,
0,0,0,*,0,
0,0,0,0,*,
k=13
t=1081

*,0,0,0,0,
0,*,1,0,0,
0,1,*,1,0,
0,0,1,*,1,
0,0,0,1,*,
k=14
t=499

*,0,0,0,0,
0,*,1,1,0,
0,1,*,1,1,
0,1,1,*,1,
0,0,1,1,*,
k=15
t=134

*,0,0,0,0,
0,*,1,1,1,
0,1,*,1,1,
0,1,1,*,1,
0,1,1,1,*,
k=16
t=516

*,0,0,0,0,
0,*,1,1,0,
0,1,*,1,1,
0,1,1,*,1,
0,0,1,1,*,
k=17
t=133

*,0,0,0,0,
0,*,1,0,0,
0,1,*,1,0,
0,0,1,*,1,
0,0,0,1,*,
k=18
t=499

*,0,0,0,0,
0,*,0,0,0,
0,0,*,0,0,
0,0,0,*,0,
0,0,0,0,*,
k=19
t=1089

*,0,0,0,0,
0,*,1,0,0,
0,1,*,1,0,
0,0,1,*,1,
0,0,0,1,*,
k=20
t=499

*,0,0,0,0,
0,*,1,1,0,
0,1,*,1,1,
0,1,1,*,1,
0,0,1,1,*,
k=21
t=134

*,0,0,0,0,
0,*,1,1,1,
0,1,*,1,1,
0,1,1,*,1,
0,1,1,1,*,
k=22
t=517

*,0,0,0,0,
0,*,1,1,0,
0,1,*,1,1,
0,1,1,*,1,
0,0,1,1,*,
k=23
t=134

*,0,0,0,0,
0,*,1,0,0,
0,1,*,1,0,
0,0,1,*,1,
0,0,0,1,*,
k=24
t=500

*,0,0,0,0,
0,*,0,0,0,
0,0,*,0,0,
0,0,0,*,0,
0,0,0,0,*,
k=25
t=1081

*,0,0,0,0,
0,*,1,0,0,
0,1,*,1,0,
0,0,1,*,1,
0,0,0,1,*,
k=26
t=499

*,0,0,0,0,
0,*,1,1,0,
0,1,*,1,1,
0,1,1,*,1,
0,0,1,1,*,
k=27
t=134

*,0,0,0,0,
0,*,1,1,1,
0,1,*,1,1,
0,1,1,*,1,
0,1,1,1,*,
k=28
t=516

*,0,0,0,0,
0,*,1,1,0,
0,1,*,1,1,
0,1,1,*,1,
0,0,1,1,*,
k=29
t=133

*,0,0,0,0,
0,*,1,0,0,
0,1,*,1,0,
0,0,1,*,1,
0,0,0,1,*,
k=30
t=499

*,0,0,0,0,
0,*,0,0,0,
0,0,*,0,0,
0,0,0,*,0,
0,0,0,0,*,
k=31
t=1089

*,0,0,0,0,
0,*,1,0,0,
0,1,*,1,0,
0,0,1,*,1,
0,0,0,1,*,
k=32
t=500

*,0,0,0,0,
0,*,1,1,0,
0,1,*,1,1,
0,1,1,*,1,
0,0,1,1,*,
k=33
t=133

*,0,0,0,0,
0,*,1,1,1,
0,1,*,1,1,
0,1,1,*,1,
0,1,1,1,*,
k=34
t=517

*,0,0,0,0,
0,*,1,1,0,
0,1,*,1,1,
0,1,1,*,1,
0,0,1,1,*,
k=35
t=134

*,0,0,0,0,
0,*,1,0,0,
0,1,*,1,0,
0,0,1,*,1,
0,0,0,1,*,
k=36
t=500

*,0,0,0,0,
0,*,0,0,0,
0,0,*,0,0,
0,0,0,*,0,
0,0,0,0,*,
k=37
t=1081

*,0,0,0,0,
0,*,1,0,0,
0,1,*,1,0,
0,0,1,*,1,
0,0,0,1,*,
k=38
t=500

*,0,0,0,0,
0,*,1,1,0,
0,1,*,1,1,
0,1,1,*,1,
0,0,1,1,*,
k=39
t=133

*,0,0,0,0,
0,*,1,1,1,
0,1,*,1,1,
0,1,1,*,1,
0,1,1,1,*,
k=40
t=516

*,0,0,0,0,
0,*,1,1,0,
0,1,*,1,1,
0,1,1,*,1,
0,0,1,1,*,
k=41
t=133

*,0,0,0,0,
0,*,1,0,0,
0,1,*,1,0,
0,0,1,*,1,
0,0,0,1,*,
k=42
t=499

*,0,0,0,0,
0,*,0,0,0,
0,0,*,0,0,
0,0,0,*,0,
0,0,0,0,*,
k=43
t=1089

*,0,0,0,0,
0,*,1,0,0,
0,1,*,1,0,
0,0,1,*,1,
0,0,0,1,*,
k=44
t=500

*,0,0,0,0,
0,*,1,1,0,
0,1,*,1,1,
0,1,1,*,1,
0,0,1,1,*,
k=45
t=133

*,0,0,0,0,
0,*,1,1,1,
0,1,*,1,1,
0,1,1,*,1,
0,1,1,1,*,
k=46
t=517

*,0,0,0,0,
0,*,1,1,0,
0,1,*,1,1,
0,1,1,*,1,
0,0,1,1,*,
k=47
t=134

*,0,0,0,0,
0,*,1,0,0,
0,1,*,1,0,
0,0,1,*,1,
0,0,0,1,*,
k=48
t=500

*,0,0,0,0,
0,*,0,0,0,
0,0,*,0,0,
0,0,0,*,0,
0,0,0,0,*,
k=49
t=1081

*,0,0,0,0,
0,*,1,0,0,
0,1,*,1,0,
0,0,1,*,1,
0,0,0,1,*,
k=50
t=500

*,0,0,0,0,
0,*,1,1,0,
0,1,*,1,1,
0,1,1,*,1,
0,0,1,1,*,
k=51
t=133

*,0,0,0,0,
0,*,1,1,1,
0,1,*,1,1,
0,1,1,*,1,
0,1,1,1,*,
k=52
t=516

*,0,0,0,0,
0,*,1,1,0,
0,1,*,1,1,
0,1,1,*,1,
0,0,1,1,*,
k=53
t=133

*,0,0,0,0,
0,*,1,0,0,
0,1,*,1,0,
0,0,1,*,1,
0,0,0,1,*,
k=54
t=499

*,0,0,0,0,
0,*,0,0,0,
0,0,*,0,0,
0,0,0,*,0,
0,0,0,0,*,
k=55
t=1089

*,0,0,0,0,
0,*,1,0,0,
0,1,*,1,0,
0,0,1,*,1,
0,0,0,1,*,
k=56
t=500

*,0,0,0,0,
0,*,1,1,0,
0,1,*,1,1,
0,1,1,*,1,
0,0,1,1,*,
k=57
t=133

*,0,0,0,0,
0,*,1,1,1,
0,1,*,1,1,
0,1,1,*,1,
0,1,1,1,*,
k=58
t=517

*,0,0,0,0,
0,*,1,1,0,
0,1,*,1,1,
0,1,1,*,1,
0,0,1,1,*,
k=59
t=134

*,0,0,0,0,
0,*,1,0,0,
0,1,*,1,0,
0,0,1,*,1,
0,0,0,1,*,
k=60
t=500

*,0,0,0,0,
0,*,0,0,0,
0,0,*,0,0,
0,0,0,*,0,
0,0,0,0,*,
k=61
t=1081

*,0,0,0,0,
0,*,1,0,0,
0,1,*,1,0,
0,0,1,*,1,
0,0,0,1,*,
k=62
t=500

*,0,0,0,0,
0,*,1,1,0,
0,1,*,1,1,
0,1,1,*,1,
0,0,1,1,*,
k=63
t=133

*,0,0,0,0,
0,*,1,1,1,
0,1,*,1,1,
0,1,1,*,1,
0,1,1,1,*,
k=64
t=516

*,0,0,0,0,
0,*,1,1,0,
0,1,*,1,1,
0,1,1,*,1,
0,0,1,1,*,
k=65
t=133

*,0,0,0,0,
0,*,1,0,0,
0,1,*,1,0,
0,0,1,*,1,
0,0,0,1,*,
k=66
t=499

*,0,0,0,0,
0,*,0,0,0,
0,0,*,0,0,
0,0,0,*,0,
0,0,0,0,*,
k=67
t=1089

*,0,0,0,0,
0,*,1,0,0,
0,1,*,1,0,
0,0,1,*,1,
0,0,0,1,*,
k=68
t=500

*,0,0,0,0,
0,*,1,1,0,
0,1,*,1,1,
0,1,1,*,1,
0,0,1,1,*,
k=69
t=133

*,0,0,0,0,
0,*,1,1,1,
0,1,*,1,1,
0,1,1,*,1,
0,1,1,1,*,
k=70
t=517

*,0,0,0,0,
0,*,1,1,0,
0,1,*,1,1,
0,1,1,*,1,
0,0,1,1,*,
k=71
t=134

*,0,0,0,0,
0,*,1,0,0,
0,1,*,1,0,
0,0,1,*,1,
0,0,0,1,*,
k=72
t=500

*,0,0,0,0,
0,*,0,0,0,
0,0,*,0,0,
0,0,0,*,0,
0,0,0,0,*,
k=73
t=1081

*,0,0,0,0,
0,*,1,0,0,
0,1,*,1,0,
0,0,1,*,1,
0,0,0,1,*,
k=74
t=500

*,0,0,0,0,
0,*,1,1,0,
0,1,*,1,1,
0,1,1,*,1,
0,0,1,1,*,
k=75
t=133

*,0,0,0,0,
0,*,1,1,1,
0,1,*,1,1,
0,1,1,*,1,
0,1,1,1,*,
k=76
t=516

*,0,0,0,0,
0,*,1,1,0,
0,1,*,1,1,
0,1,1,*,1,
0,0,1,1,*,
k=77
t=133

*,0,0,0,0,
0,*,1,0,0,
0,1,*,1,0,
0,0,1,*,1,
0,0,0,1,*,
k=78
t=499

*,0,0,0,0,
0,*,0,0,0,
0,0,*,0,0,
0,0,0,*,0,
0,0,0,0,*,
k=79
t=1089

*,0,0,0,0,
0,*,1,0,0,
0,1,*,1,0,
0,0,1,*,1,
0,0,0,1,*,
k=80
t=500

*,0,0,0,0,
0,*,1,1,0,
0,1,*,1,1,
0,1,1,*,1,
0,0,1,1,*,
k=81
t=133

*,0,0,0,0,
0,*,1,1,1,
0,1,*,1,1,
0,1,1,*,1,
0,1,1,1,*,
k=82
t=517

*,0,0,0,0,
0,*,1,1,0,
0,1,*,1,1,
0,1,1,*,1,
0,0,1,1,*,
k=83
t=134

*,0,0,0,0,
0,*,1,0,0,
0,1,*,1,0,
0,0,1,*,1,
0,0,0,1,*,
k=84
t=500

*,0,0,0,0,
0,*,0,0,0,
0,0,*,0,0,
0,0,0,*,0,
0,0,0,0,*,
k=85
t=1081

*,0,0,0,0,
0,*,1,0,0,
0,1,*,1,0,
0,0,1,*,1,
0,0,0,1,*,
k=86
t=500

*,0,0,0,0,
0,*,1,1,0,
0,1,*,1,1,
0,1,1,*,1,
0,0,1,1,*,
k=87
t=133

*,0,0,0,0,
0,*,1,1,1,
0,1,*,1,1,
0,1,1,*,1,
0,1,1,1,*,
k=88
t=516

*,0,0,0,0,
0,*,1,1,0,
0,1,*,1,1,
0,1,1,*,1,
0,0,1,1,*,
k=89
t=133

*,0,0,0,0,
0,*,1,0,0,
0,1,*,1,0,
0,0,1,*,1,
0,0,0,1,*,
k=90
t=499

*,0,0,0,0,
0,*,0,0,0,
0,0,*,0,0,
0,0,0,*,0,
0,0,0,0,*,
k=91
t=1089

*,0,0,0,0,
0,*,1,0,0,
0,1,*,1,0,
0,0,1,*,1,
0,0,0,1,*,
k=92
t=500

*,0,0,0,0,
0,*,1,1,0,
0,1,*,1,1,
0,1,1,*,1,
0,0,1,1,*,
k=93
t=133

*,0,0,0,0,
0,*,1,1,1,
0,1,*,1,1,
0,1,1,*,1,
0,1,1,1,*,
k=94
t=517

*,0,0,0,0,
0,*,1,1,0,
0,1,*,1,1,
0,1,1,*,1,
0,0,1,1,*,
k=95
t=134

*,0,0,0,0,
0,*,1,0,0,
0,1,*,1,0,
0,0,1,*,1,
0,0,0,1,*,
k=96
t=500

*,0,0,0,0,
0,*,0,0,0,
0,0,*,0,0,
0,0,0,*,0,
0,0,0,0,*,
k=97
t=1081

*,0,0,0,0,
0,*,1,0,0,
0,1,*,1,0,
0,0,1,*,1,
0,0,0,1,*,
k=98
t=500

*,0,0,0,0,
0,*,1,1,0,
0,1,*,1,1,
0,1,1,*,1,
0,0,1,1,*,
k=99
t=133

*,0,0,0,0,
0,*,1,1,1,
0,1,*,1,1,
0,1,1,*,1,
0,1,1,1,*,
k=100
t=516

*,0,0,0,0,
0,*,1,1,0,
0,1,*,1,1,
0,1,1,*,1,
0,0,1,1,*,
k=101
t=133

*,0,0,0,0,
0,*,1,0,0,
0,1,*,1,0,
0,0,1,*,1,
0,0,0,1,*,
k=102
t=499

*,0,0,0,0,
0,*,0,0,0,
0,0,*,0,0,
0,0,0,*,0,
0,0,0,0,*,
k=103
t=1089

*,0,0,0,0,
0,*,1,0,0,
0,1,*,1,0,
0,0,1,*,1,
0,0,0,1,*,
k=104
t=500

*,0,0,0,0,
0,*,1,1,0,
0,1,*,1,1,
0,1,1,*,1,
0,0,1,1,*,
k=105
t=133

*,0,0,0,0,
0,*,1,1,1,
0,1,*,1,1,
0,1,1,*,1,
0,1,1,1,*,
k=106
t=517

*,0,0,0,0,
0,*,1,1,0,
0,1,*,1,1,
0,1,1,*,1,
0,0,1,1,*,
k=107
t=134

*,0,0,0,0,
0,*,1,0,0,
0,1,*,1,0,
0,0,1,*,1,
0,0,0,1,*,
k=108
t=500

*,0,0,0,0,
0,*,0,0,0,
0,0,*,0,0,
0,0,0,*,0,
0,0,0,0,*,
k=109
t=1081

*,0,0,0,0,
0,*,1,0,0,
0,1,*,1,0,
0,0,1,*,1,
0,0,0,1,*,
k=110
t=500

*,0,0,0,0,
0,*,1,1,0,
0,1,*,1,1,
0,1,1,*,1,
0,0,1,1,*,
k=111
t=133

*,0,0,0,0,
0,*,1,1,1,
0,1,*,1,1,
0,1,1,*,1,
0,1,1,1,*,
k=112
t=516

*,0,0,0,0,
0,*,1,1,0,
0,1,*,1,1,
0,1,1,*,1,
0,0,1,1,*,
k=113
t=133

*,0,0,0,0,
0,*,1,0,0,
0,1,*,1,0,
0,0,1,*,1,
0,0,0,1,*,
k=114
t=499

*,0,0,0,0,
0,*,0,0,0,
0,0,*,0,0,
0,0,0,*,0,
0,0,0,0,*,
k=115
t=1089

*,0,0,0,0,
0,*,1,0,0,
0,1,*,1,0,
0,0,1,*,1,
0,0,0,1,*,
k=116
t=500

*,0,0,0,0,
0,*,1,1,0,
0,1,*,1,1,
0,1,1,*,1,
0,0,1,1,*,
k=117
t=134

*,0,0,0,0,
0,*,1,1,1,
0,1,*,1,1,
0,1,1,*,1,
0,1,1,1,*,
k=118
t=516

*,0,0,0,0,
0,*,1,1,0,
0,1,*,1,1,
0,1,1,*,1,
0,0,1,1,*,
k=119
t=134

*,0,0,0,0,
0,*,1,0,0,
0,1,*,1,0,
0,0,1,*,1,
0,0,0,1,*,
k=120
t=501

*,0,0,0,0,
0,*,0,0,0,
0,0,*,0,0,
0,0,0,*,0,
0,0,0,0,*,
k=121
t=1080

*,0,0,0,0,
0,*,1,0,0,
0,1,*,1,0,
0,0,1,*,1,
0,0,0,1,*,
k=122
t=500

*,0,0,0,0,
0,*,1,1,0,
0,1,*,1,1,
0,1,1,*,1,
0,0,1,1,*,
k=123
t=133

*,0,0,0,0,
0,*,1,1,1,
0,1,*,1,1,
0,1,1,*,1,
0,1,1,1,*,
k=124
t=516

*,0,0,0,0,
0,*,1,1,0,
0,1,*,1,1,
0,1,1,*,1,
0,0,1,1,*,
k=125
t=133

*,0,0,0,0,
0,*,1,0,0,
0,1,*,1,0,
0,0,1,*,1,
0,0,0,1,*,
k=126
t=500

*,0,0,0,0,
0,*,0,0,0,
0,0,*,0,0,
0,0,0,*,0,
0,0,0,0,*,
k=127
t=1088

*,0,0,0,0,
0,*,1,0,0,
0,1,*,1,0,
0,0,1,*,1,
0,0,0,1,*,
k=128
t=500

*,0,0,0,0,
0,*,1,1,0,
0,1,*,1,1,
0,1,1,*,1,
0,0,1,1,*,
k=129
t=134

*,0,0,0,0,
0,*,1,1,1,
0,1,*,1,1,
0,1,1,*,1,
0,1,1,1,*,
k=130
t=517

*,0,0,0,0,
0,*,1,1,0,
0,1,*,1,1,
0,1,1,*,1,
0,0,1,1,*,
k=131
t=133

*,0,0,0,0,
0,*,1,0,0,
0,1,*,1,0,
0,0,1,*,1,
0,0,0,1,*,
k=132
t=501

*,0,0,0,0,
0,*,0,0,0,
0,0,*,0,0,
0,0,0,*,0,
0,0,0,0,*,
k=133
t=1080

*,0,0,0,0,
0,*,1,0,0,
0,1,*,1,0,
0,0,1,*,1,
0,0,0,1,*,
k=134
t=500

*,0,0,0,0,
0,*,1,1,0,
0,1,*,1,1,
0,1,1,*,1,
0,0,1,1,*,
k=135
t=133

*,0,0,0,0,
0,*,1,1,1,
0,1,*,1,1,
0,1,1,*,1,
0,1,1,1,*,
k=136
t=516

*,0,0,0,0,
0,*,1,1,0,
0,1,*,1,1,
0,1,1,*,1,
0,0,1,1,*,
k=137
t=134

*,0,0,0,0,
0,*,1,0,0,
0,1,*,1,0,
0,0,1,*,1,
0,0,0,1,*,
k=138
t=499

*,0,0,0,0,
0,*,0,0,0,
0,0,*,0,0,
0,0,0,*,0,
0,0,0,0,*,
k=139
t=1088

*,0,0,0,0,
0,*,1,0,0,
0,1,*,1,0,
0,0,1,*,1,
0,0,0,1,*,
k=140
t=500

*,0,0,0,0,
0,*,1,1,0,
0,1,*,1,1,
0,1,1,*,1,
0,0,1,1,*,
k=141
t=134

*,0,0,0,0,
0,*,1,1,1,
0,1,*,1,1,
0,1,1,*,1,
0,1,1,1,*,
k=142
t=517

*,0,0,0,0,
0,*,1,1,0,
0,1,*,1,1,
0,1,1,*,1,
0,0,1,1,*,
k=143
t=133

*,0,0,0,0,
0,*,1,0,0,
0,1,*,1,0,
0,0,1,*,1,
0,0,0,1,*,
k=144
t=501

*,0,0,0,0,
0,*,0,0,0,
0,0,*,0,0,
0,0,0,*,0,
0,0,0,0,*,
k=145
t=1080

*,0,0,0,0,
0,*,1,0,0,
0,1,*,1,0,
0,0,1,*,1,
0,0,0,1,*,
k=146
t=500

*,0,0,0,0,
0,*,1,1,0,
0,1,*,1,1,
0,1,1,*,1,
0,0,1,1,*,
k=147
t=133

*,0,0,0,0,
0,*,1,1,1,
0,1,*,1,1,
0,1,1,*,1,
0,1,1,1,*,
k=148
t=516

*,0,0,0,0,
0,*,1,1,0,
0,1,*,1,1,
0,1,1,*,1,
0,0,1,1,*,
k=149
t=134

*,0,0,0,0,
0,*,1,0,0,
0,1,*,1,0,
0,0,1,*,1,
0,0,0,1,*,
k=150
t=499

*,0,0,0,0,
0,*,0,0,0,
0,0,*,0,0,
0,0,0,*,0,
0,0,0,0,*,
k=151
t=1088

*,0,0,0,0,
0,*,1,0,0,
0,1,*,1,0,
0,0,1,*,1,
0,0,0,1,*,
k=152
t=500

*,0,0,0,0,
0,*,1,1,0,
0,1,*,1,1,
0,1,1,*,1,
0,0,1,1,*,
k=153
t=134

*,0,0,0,0,
0,*,1,1,1,
0,1,*,1,1,
0,1,1,*,1,
0,1,1,1,*,
k=154
t=517

*,0,0,0,0,
0,*,1,1,0,
0,1,*,1,1,
0,1,1,*,1,
0,0,1,1,*,
k=155
t=133

*,0,0,0,0,
0,*,1,0,0,
0,1,*,1,0,
0,0,1,*,1,
0,0,0,1,*,
k=156
t=501

*,0,0,0,0,
0,*,0,0,0,
0,0,*,0,0,
0,0,0,*,0,
0,0,0,0,*,
k=157
t=1080

*,0,0,0,0,
0,*,1,0,0,
0,1,*,1,0,
0,0,1,*,1,
0,0,0,1,*,
k=158
t=500

*,0,0,0,0,
0,*,1,1,0,
0,1,*,1,1,
0,1,1,*,1,
0,0,1,1,*,
k=159
t=133

*,0,0,0,0,
0,*,1,1,1,
0,1,*,1,1,
0,1,1,*,1,
0,1,1,1,*,
k=160
t=516

*,0,0,0,0,
0,*,1,1,0,
0,1,*,1,1,
0,1,1,*,1,
0,0,1,1,*,
k=161
t=134

*,0,0,0,0,
0,*,1,0,0,
0,1,*,1,0,
0,0,1,*,1,
0,0,0,1,*,
k=162
t=499

*,0,0,0,0,
0,*,0,0,0,
0,0,*,0,0,
0,0,0,*,0,
0,0,0,0,*,
k=163
t=1088

*,0,0,0,0,
0,*,1,0,0,
0,1,*,1,0,
0,0,1,*,1,
0,0,0,1,*,
k=164
t=500

*,0,0,0,0,
0,*,1,1,0,
0,1,*,1,1,
0,1,1,*,1,
0,0,1,1,*,
k=165
t=134

*,0,0,0,0,
0,*,1,1,1,
0,1,*,1,1,
0,1,1,*,1,
0,1,1,1,*,
k=166
t=517

*,0,0,0,0,
0,*,1,1,0,
0,1,*,1,1,
0,1,1,*,1,
0,0,1,1,*,
k=167
t=133

*,0,0,0,0,
0,*,1,0,0,
0,1,*,1,0,
0,0,1,*,1,
0,0,0,1,*,
k=168
t=501

*,0,0,0,0,
0,*,0,0,0,
0,0,*,0,0,
0,0,0,*,0,
0,0,0,0,*,
k=169
t=1081

*,0,0,0,0,
0,*,1,0,0,
0,1,*,1,0,
0,0,1,*,1,
0,0,0,1,*,
k=170
t=499

*,0,0,0,0,
0,*,1,1,0,
0,1,*,1,1,
0,1,1,*,1,
0,0,1,1,*,
k=171
t=133

*,0,0,0,0,
0,*,1,1,1,
0,1,*,1,1,
0,1,1,*,1,
0,1,1,1,*,
k=172
t=516

*,0,0,0,0,
0,*,1,1,0,
0,1,*,1,1,
0,1,1,*,1,
0,0,1,1,*,
k=173
t=134

*,0,0,0,0,
0,*,1,0,0,
0,1,*,1,0,
0,0,1,*,1,
0,0,0,1,*,
k=174
t=499

*,0,0,0,0,
0,*,0,0,0,
0,0,*,0,0,
0,0,0,*,0,
0,0,0,0,*,
k=175
t=1088

*,0,0,0,0,
0,*,1,0,0,
0,1,*,1,0,
0,0,1,*,1,
0,0,0,1,*,
k=176
t=500

*,0,0,0,0,
0,*,1,1,0,
0,1,*,1,1,
0,1,1,*,1,
0,0,1,1,*,
k=177
t=134

*,0,0,0,0,
0,*,1,1,1,
0,1,*,1,1,
0,1,1,*,1,
0,1,1,1,*,
k=178
t=517

*,0,0,0,0,
0,*,1,1,0,
0,1,*,1,1,
0,1,1,*,1,
0,0,1,1,*,
k=179
t=133

*,0,0,0,0,
0,*,1,0,0,
0,1,*,1,0,
0,0,1,*,1,
0,0,0,1,*,
k=180
t=501

*,0,0,0,0,
0,*,0,0,0,
0,0,*,0,0,
0,0,0,*,0,
0,0,0,0,*,
k=181
t=950
