// Dynamic Topology Format (DTF)
numSat=5
numET=1
numK=241
totalTime=1 day
ISL Range=1000
ET-LEO Rangeist=20

*,0,0,0,0,0,
0,*,0,0,0,0,
0,0,*,0,0,0,
0,0,0,*,0,0,
0,0,0,0,*,0,
0,0,0,0,0,*,
k=1
t=541

*,0,0,0,0,0,
0,*,1,0,0,0,
0,1,*,1,0,0,
0,0,1,*,1,0,
0,0,0,1,*,1,
0,0,0,0,1,*,
k=2
t=499

*,0,0,0,0,0,
0,*,1,1,0,0,
0,1,*,1,1,0,
0,1,1,*,1,1,
0,0,1,1,*,1,
0,0,0,1,1,*,
k=3
t=134

*,0,0,0,0,0,
0,*,1,1,1,0,
0,1,*,1,1,1,
0,1,1,*,1,1,
0,1,1,1,*,1,
0,0,1,1,1,*,
k=4
t=64

*,0,0,0,0,0,
0,*,1,1,1,1,
0,1,*,1,1,1,
0,1,1,*,1,1,
0,1,1,1,*,1,
0,1,1,1,1,*,
k=5
t=388

*,0,0,0,0,0,
0,*,1,1,1,0,
0,1,*,1,1,1,
0,1,1,*,1,1,
0,1,1,1,*,1,
0,0,1,1,1,*,
k=6
t=64

*,0,0,0,0,0,
0,*,1,1,0,0,
0,1,*,1,1,0,
0,1,1,*,1,1,
0,0,1,1,*,1,
0,0,0,1,1,*,
k=7
t=133

*,0,0,0,0,0,
0,*,1,0,0,0,
0,1,*,1,0,0,
0,0,1,*,1,0,
0,0,0,1,*,1,
0,0,0,0,1,*,
k=8
t=499

*,0,0,0,0,0,
0,*,0,0,0,0,
0,0,*,0,0,0,
0,0,0,*,0,0,
0,0,0,0,*,0,
0,0,0,0,0,*,
k=9
t=1089

*,0,0,0,0,0,
0,*,1,0,0,0,
0,1,*,1,0,0,
0,0,1,*,1,0,
0,0,0,1,*,1,
0,0,0,0,1,*,
k=10
t=499

*,0,0,0,0,0,
0,*,1,1,0,0,
0,1,*,1,1,0,
0,1,1,*,1,1,
0,0,1,1,*,1,
0,0,0,1,1,*,
k=11
t=134

*,0,0,0,0,0,
0,*,1,1,1,0,
0,1,*,1,1,1,
0,1,1,*,1,1,
0,1,1,1,*,1,
0,0,1,1,1,*,
k=12
t=64

*,0,0,0,0,0,
0,*,1,1,1,1,
0,1,*,1,1,1,
0,1,1,*,1,1,
0,1,1,1,*,1,
0,1,1,1,1,*,
k=13
t=389

*,0,0,0,0,0,
0,*,1,1,1,0,
0,1,*,1,1,1,
0,1,1,*,1,1,
0,1,1,1,*,1,
0,0,1,1,1,*,
k=14
t=64

*,0,0,0,0,0,
0,*,1,1,0,0,
0,1,*,1,1,0,
0,1,1,*,1,1,
0,0,1,1,*,1,
0,0,0,1,1,*,
k=15
t=134

*,0,0,0,0,0,
0,*,1,0,0,0,
0,1,*,1,0,0,
0,0,1,*,1,0,
0,0,0,1,*,1,
0,0,0,0,1,*,
k=16
t=500

*,0,0,0,0,0,
0,*,0,0,0,0,
0,0,*,0,0,0,
0,0,0,*,0,0,
0,0,0,0,*,0,
0,0,0,0,0,*,
k=17
t=1081

*,0,0,0,0,0,
0,*,1,0,0,0,
0,1,*,1,0,0,
0,0,1,*,1,0,
0,0,0,1,*,1,
0,0,0,0,1,*,
k=18
t=499

*,0,0,0,0,0,
0,*,1,1,0,0,
0,1,*,1,1,0,
0,1,1,*,1,1,
0,0,1,1,*,1,
0,0,0,1,1,*,
k=19
t=134

*,0,0,0,0,0,
0,*,1,1,1,0,
0,1,*,1,1,1,
0,1,1,*,1,1,
0,1,1,1,*,1,
0,0,1,1,1,*,
k=20
t=64

*,0,0,0,0,0,
0,*,1,1,1,1,
0,1,*,1,1,1,
0,1,1,*,1,1,
0,1,1,1,*,1,
0,1,1,1,1,*,
k=21
t=388

*,0,0,0,0,0,
0,*,1,1,1,0,
0,1,*,1,1,1,
0,1,1,*,1,1,
0,1,1,1,*,1,
0,0,1,1,1,*,
k=22
t=64

*,0,0,0,0,0,
0,*,1,1,0,0,
0,1,*,1,1,0,
0,1,1,*,1,1,
0,0,1,1,*,1,
0,0,0,1,1,*,
k=23
t=133

*,0,0,0,0,0,
0,*,1,0,0,0,
0,1,*,1,0,0,
0,0,1,*,1,0,
0,0,0,1,*,1,
0,0,0,0,1,*,
k=24
t=499

*,0,0,0,0,0,
0,*,0,0,0,0,
0,0,*,0,0,0,
0,0,0,*,0,0,
0,0,0,0,*,0,
0,0,0,0,0,*,
k=25
t=1089

*,0,0,0,0,0,
0,*,1,0,0,0,
0,1,*,1,0,0,
0,0,1,*,1,0,
0,0,0,1,*,1,
0,0,0,0,1,*,
k=26
t=499

*,0,0,0,0,0,
0,*,1,1,0,0,
0,1,*,1,1,0,
0,1,1,*,1,1,
0,0,1,1,*,1,
0,0,0,1,1,*,
k=27
t=134

*,0,0,0,0,0,
0,*,1,1,1,0,
0,1,*,1,1,1,
0,1,1,*,1,1,
0,1,1,1,*,1,
0,0,1,1,1,*,
k=28
t=64

*,0,0,0,0,0,
0,*,1,1,1,1,
0,1,*,1,1,1,
0,1,1,*,1,1,
0,1,1,1,*,1,
0,1,1,1,1,*,
k=29
t=389

*,0,0,0,0,0,
0,*,1,1,1,0,
0,1,*,1,1,1,
0,1,1,*,1,1,
0,1,1,1,*,1,
0,0,1,1,1,*,
k=30
t=64

*,0,0,0,0,0,
0,*,1,1,0,0,
0,1,*,1,1,0,
0,1,1,*,1,1,
0,0,1,1,*,1,
0,0,0,1,1,*,
k=31
t=134

*,0,0,0,0,0,
0,*,1,0,0,0,
0,1,*,1,0,0,
0,0,1,*,1,0,
0,0,0,1,*,1,
0,0,0,0,1,*,
k=32
t=500

*,0,0,0,0,0,
0,*,0,0,0,0,
0,0,*,0,0,0,
0,0,0,*,0,0,
0,0,0,0,*,0,
0,0,0,0,0,*,
k=33
t=1081

*,0,0,0,0,0,
0,*,1,0,0,0,
0,1,*,1,0,0,
0,0,1,*,1,0,
0,0,0,1,*,1,
0,0,0,0,1,*,
k=34
t=499

*,0,0,0,0,0,
0,*,1,1,0,0,
0,1,*,1,1,0,
0,1,1,*,1,1,
0,0,1,1,*,1,
0,0,0,1,1,*,
k=35
t=134

*,0,0,0,0,0,
0,*,1,1,1,0,
0,1,*,1,1,1,
0,1,1,*,1,1,
0,1,1,1,*,1,
0,0,1,1,1,*,
k=36
t=64

*,0,0,0,0,0,
0,*,1,1,1,1,
0,1,*,1,1,1,
0,1,1,*,1,1,
0,1,1,1,*,1,
0,1,1,1,1,*,
k=37
t=388

*,0,0,0,0,0,
0,*,1,1,1,0,
0,1,*,1,1,1,
0,1,1,*,1,1,
0,1,1,1,*,1,
0,0,1,1,1,*,
k=38
t=64

*,0,0,0,0,0,
0,*,1,1,0,0,
0,1,*,1,1,0,
0,1,1,*,1,1,
0,0,1,1,*,1,
0,0,0,1,1,*,
k=39
t=133

*,0,0,0,0,0,
0,*,1,0,0,0,
0,1,*,1,0,0,
0,0,1,*,1,0,
0,0,0,1,*,1,
0,0,0,0,1,*,
k=40
t=499

*,0,0,0,0,0,
0,*,0,0,0,0,
0,0,*,0,0,0,
0,0,0,*,0,0,
0,0,0,0,*,0,
0,0,0,0,0,*,
k=41
t=1089

*,0,0,0,0,0,
0,*,1,0,0,0,
0,1,*,1,0,0,
0,0,1,*,1,0,
0,0,0,1,*,1,
0,0,0,0,1,*,
k=42
t=500

*,0,0,0,0,0,
0,*,1,1,0,0,
0,1,*,1,1,0,
0,1,1,*,1,1,
0,0,1,1,*,1,
0,0,0,1,1,*,
k=43
t=133

*,0,0,0,0,0,
0,*,1,1,1,0,
0,1,*,1,1,1,
0,1,1,*,1,1,
0,1,1,1,*,1,
0,0,1,1,1,*,
k=44
t=64

*,0,0,0,0,0,
0,*,1,1,1,1,
0,1,*,1,1,1,
0,1,1,*,1,1,
0,1,1,1,*,1,
0,1,1,1,1,*,
k=45
t=389

*,0,0,0,0,0,
0,*,1,1,1,0,
0,1,*,1,1,1,
0,1,1,*,1,1,
0,1,1,1,*,1,
0,0,1,1,1,*,
k=46
t=64

*,0,0,0,0,0,
0,*,1,1,0,0,
0,1,*,1,1,0,
0,1,1,*,1,1,
0,0,1,1,*,1,
0,0,0,1,1,*,
k=47
t=134

*,0,0,0,0,0,
0,*,1,0,0,0,
0,1,*,1,0,0,
0,0,1,*,1,0,
0,0,0,1,*,1,
0,0,0,0,1,*,
k=48
t=500

*,0,0,0,0,0,
0,*,0,0,0,0,
0,0,*,0,0,0,
0,0,0,*,0,0,
0,0,0,0,*,0,
0,0,0,0,0,*,
k=49
t=1081

*,0,0,0,0,0,
0,*,1,0,0,0,
0,1,*,1,0,0,
0,0,1,*,1,0,
0,0,0,1,*,1,
0,0,0,0,1,*,
k=50
t=500

*,0,0,0,0,0,
0,*,1,1,0,0,
0,1,*,1,1,0,
0,1,1,*,1,1,
0,0,1,1,*,1,
0,0,0,1,1,*,
k=51
t=133

*,0,0,0,0,0,
0,*,1,1,1,0,
0,1,*,1,1,1,
0,1,1,*,1,1,
0,1,1,1,*,1,
0,0,1,1,1,*,
k=52
t=64

*,0,0,0,0,0,
0,*,1,1,1,1,
0,1,*,1,1,1,
0,1,1,*,1,1,
0,1,1,1,*,1,
0,1,1,1,1,*,
k=53
t=388

*,0,0,0,0,0,
0,*,1,1,1,0,
0,1,*,1,1,1,
0,1,1,*,1,1,
0,1,1,1,*,1,
0,0,1,1,1,*,
k=54
t=64

*,0,0,0,0,0,
0,*,1,1,0,0,
0,1,*,1,1,0,
0,1,1,*,1,1,
0,0,1,1,*,1,
0,0,0,1,1,*,
k=55
t=133

*,0,0,0,0,0,
0,*,1,0,0,0,
0,1,*,1,0,0,
0,0,1,*,1,0,
0,0,0,1,*,1,
0,0,0,0,1,*,
k=56
t=499

*,0,0,0,0,0,
0,*,0,0,0,0,
0,0,*,0,0,0,
0,0,0,*,0,0,
0,0,0,0,*,0,
0,0,0,0,0,*,
k=57
t=1089

*,0,0,0,0,0,
0,*,1,0,0,0,
0,1,*,1,0,0,
0,0,1,*,1,0,
0,0,0,1,*,1,
0,0,0,0,1,*,
k=58
t=500

*,0,0,0,0,0,
0,*,1,1,0,0,
0,1,*,1,1,0,
0,1,1,*,1,1,
0,0,1,1,*,1,
0,0,0,1,1,*,
k=59
t=133

*,0,0,0,0,0,
0,*,1,1,1,0,
0,1,*,1,1,1,
0,1,1,*,1,1,
0,1,1,1,*,1,
0,0,1,1,1,*,
k=60
t=64

*,0,0,0,0,0,
0,*,1,1,1,1,
0,1,*,1,1,1,
0,1,1,*,1,1,
0,1,1,1,*,1,
0,1,1,1,1,*,
k=61
t=389

*,0,0,0,0,0,
0,*,1,1,1,0,
0,1,*,1,1,1,
0,1,1,*,1,1,
0,1,1,1,*,1,
0,0,1,1,1,*,
k=62
t=64

*,0,0,0,0,0,
0,*,1,1,0,0,
0,1,*,1,1,0,
0,1,1,*,1,1,
0,0,1,1,*,1,
0,0,0,1,1,*,
k=63
t=134

*,0,0,0,0,0,
0,*,1,0,0,0,
0,1,*,1,0,0,
0,0,1,*,1,0,
0,0,0,1,*,1,
0,0,0,0,1,*,
k=64
t=500

*,0,0,0,0,0,
0,*,0,0,0,0,
0,0,*,0,0,0,
0,0,0,*,0,0,
0,0,0,0,*,0,
0,0,0,0,0,*,
k=65
t=1081

*,0,0,0,0,0,
0,*,1,0,0,0,
0,1,*,1,0,0,
0,0,1,*,1,0,
0,0,0,1,*,1,
0,0,0,0,1,*,
k=66
t=500

*,0,0,0,0,0,
0,*,1,1,0,0,
0,1,*,1,1,0,
0,1,1,*,1,1,
0,0,1,1,*,1,
0,0,0,1,1,*,
k=67
t=133

*,0,0,0,0,0,
0,*,1,1,1,0,
0,1,*,1,1,1,
0,1,1,*,1,1,
0,1,1,1,*,1,
0,0,1,1,1,*,
k=68
t=64

*,0,0,0,0,0,
0,*,1,1,1,1,
0,1,*,1,1,1,
0,1,1,*,1,1,
0,1,1,1,*,1,
0,1,1,1,1,*,
k=69
t=388

*,0,0,0,0,0,
0,*,1,1,1,0,
0,1,*,1,1,1,
0,1,1,*,1,1,
0,1,1,1,*,1,
0,0,1,1,1,*,
k=70
t=64

*,0,0,0,0,0,
0,*,1,1,0,0,
0,1,*,1,1,0,
0,1,1,*,1,1,
0,0,1,1,*,1,
0,0,0,1,1,*,
k=71
t=133

*,0,0,0,0,0,
0,*,1,0,0,0,
0,1,*,1,0,0,
0,0,1,*,1,0,
0,0,0,1,*,1,
0,0,0,0,1,*,
k=72
t=499

*,0,0,0,0,0,
0,*,0,0,0,0,
0,0,*,0,0,0,
0,0,0,*,0,0,
0,0,0,0,*,0,
0,0,0,0,0,*,
k=73
t=1089

*,0,0,0,0,0,
0,*,1,0,0,0,
0,1,*,1,0,0,
0,0,1,*,1,0,
0,0,0,1,*,1,
0,0,0,0,1,*,
k=74
t=500

*,0,0,0,0,0,
0,*,1,1,0,0,
0,1,*,1,1,0,
0,1,1,*,1,1,
0,0,1,1,*,1,
0,0,0,1,1,*,
k=75
t=133

*,0,0,0,0,0,
0,*,1,1,1,0,
0,1,*,1,1,1,
0,1,1,*,1,1,
0,1,1,1,*,1,
0,0,1,1,1,*,
k=76
t=64

*,0,0,0,0,0,
0,*,1,1,1,1,
0,1,*,1,1,1,
0,1,1,*,1,1,
0,1,1,1,*,1,
0,1,1,1,1,*,
k=77
t=389

*,0,0,0,0,0,
0,*,1,1,1,0,
0,1,*,1,1,1,
0,1,1,*,1,1,
0,1,1,1,*,1,
0,0,1,1,1,*,
k=78
t=64

*,0,0,0,0,0,
0,*,1,1,0,0,
0,1,*,1,1,0,
0,1,1,*,1,1,
0,0,1,1,*,1,
0,0,0,1,1,*,
k=79
t=134

*,0,0,0,0,0,
0,*,1,0,0,0,
0,1,*,1,0,0,
0,0,1,*,1,0,
0,0,0,1,*,1,
0,0,0,0,1,*,
k=80
t=500

*,0,0,0,0,0,
0,*,0,0,0,0,
0,0,*,0,0,0,
0,0,0,*,0,0,
0,0,0,0,*,0,
0,0,0,0,0,*,
k=81
t=1081

*,0,0,0,0,0,
0,*,1,0,0,0,
0,1,*,1,0,0,
0,0,1,*,1,0,
0,0,0,1,*,1,
0,0,0,0,1,*,
k=82
t=500

*,0,0,0,0,0,
0,*,1,1,0,0,
0,1,*,1,1,0,
0,1,1,*,1,1,
0,0,1,1,*,1,
0,0,0,1,1,*,
k=83
t=133

*,0,0,0,0,0,
0,*,1,1,1,0,
0,1,*,1,1,1,
0,1,1,*,1,1,
0,1,1,1,*,1,
0,0,1,1,1,*,
k=84
t=64

*,0,0,0,0,0,
0,*,1,1,1,1,
0,1,*,1,1,1,
0,1,1,*,1,1,
0,1,1,1,*,1,
0,1,1,1,1,*,
k=85
t=388

*,0,0,0,0,0,
0,*,1,1,1,0,
0,1,*,1,1,1,
0,1,1,*,1,1,
0,1,1,1,*,1,
0,0,1,1,1,*,
k=86
t=64

*,0,0,0,0,0,
0,*,1,1,0,0,
0,1,*,1,1,0,
0,1,1,*,1,1,
0,0,1,1,*,1,
0,0,0,1,1,*,
k=87
t=133

*,0,0,0,0,0,
0,*,1,0,0,0,
0,1,*,1,0,0,
0,0,1,*,1,0,
0,0,0,1,*,1,
0,0,0,0,1,*,
k=88
t=499

*,0,0,0,0,0,
0,*,0,0,0,0,
0,0,*,0,0,0,
0,0,0,*,0,0,
0,0,0,0,*,0,
0,0,0,0,0,*,
k=89
t=1089

*,0,0,0,0,0,
0,*,1,0,0,0,
0,1,*,1,0,0,
0,0,1,*,1,0,
0,0,0,1,*,1,
0,0,0,0,1,*,
k=90
t=500

*,0,0,0,0,0,
0,*,1,1,0,0,
0,1,*,1,1,0,
0,1,1,*,1,1,
0,0,1,1,*,1,
0,0,0,1,1,*,
k=91
t=133

*,0,0,0,0,0,
0,*,1,1,1,0,
0,1,*,1,1,1,
0,1,1,*,1,1,
0,1,1,1,*,1,
0,0,1,1,1,*,
k=92
t=64

*,0,0,0,0,0,
0,*,1,1,1,1,
0,1,*,1,1,1,
0,1,1,*,1,1,
0,1,1,1,*,1,
0,1,1,1,1,*,
k=93
t=389

*,0,0,0,0,0,
0,*,1,1,1,0,
0,1,*,1,1,1,
0,1,1,*,1,1,
0,1,1,1,*,1,
0,0,1,1,1,*,
k=94
t=64

*,0,0,0,0,0,
0,*,1,1,0,0,
0,1,*,1,1,0,
0,1,1,*,1,1,
0,0,1,1,*,1,
0,0,0,1,1,*,
k=95
t=134

*,0,0,0,0,0,
0,*,1,0,0,0,
0,1,*,1,0,0,
0,0,1,*,1,0,
0,0,0,1,*,1,
0,0,0,0,1,*,
k=96
t=500

*,0,0,0,0,0,
0,*,0,0,0,0,
0,0,*,0,0,0,
0,0,0,*,0,0,
0,0,0,0,*,0,
0,0,0,0,0,*,
k=97
t=1081

*,0,0,0,0,0,
0,*,1,0,0,0,
0,1,*,1,0,0,
0,0,1,*,1,0,
0,0,0,1,*,1,
0,0,0,0,1,*,
k=98
t=500

*,0,0,0,0,0,
0,*,1,1,0,0,
0,1,*,1,1,0,
0,1,1,*,1,1,
0,0,1,1,*,1,
0,0,0,1,1,*,
k=99
t=133

*,0,0,0,0,0,
0,*,1,1,1,0,
0,1,*,1,1,1,
0,1,1,*,1,1,
0,1,1,1,*,1,
0,0,1,1,1,*,
k=100
t=64

*,0,0,0,0,0,
0,*,1,1,1,1,
0,1,*,1,1,1,
0,1,1,*,1,1,
0,1,1,1,*,1,
0,1,1,1,1,*,
k=101
t=388

*,0,0,0,0,0,
0,*,1,1,1,0,
0,1,*,1,1,1,
0,1,1,*,1,1,
0,1,1,1,*,1,
0,0,1,1,1,*,
k=102
t=64

*,0,0,0,0,0,
0,*,1,1,0,0,
0,1,*,1,1,0,
0,1,1,*,1,1,
0,0,1,1,*,1,
0,0,0,1,1,*,
k=103
t=133

*,0,0,0,0,0,
0,*,1,0,0,0,
0,1,*,1,0,0,
0,0,1,*,1,0,
0,0,0,1,*,1,
0,0,0,0,1,*,
k=104
t=499

*,0,0,0,0,0,
0,*,0,0,0,0,
0,0,*,0,0,0,
0,0,0,*,0,0,
0,0,0,0,*,0,
0,0,0,0,0,*,
k=105
t=1089

*,0,0,0,0,0,
0,*,1,0,0,0,
0,1,*,1,0,0,
0,0,1,*,1,0,
0,0,0,1,*,1,
0,0,0,0,1,*,
k=106
t=500

*,0,0,0,0,0,
0,*,1,1,0,0,
0,1,*,1,1,0,
0,1,1,*,1,1,
0,0,1,1,*,1,
0,0,0,1,1,*,
k=107
t=133

*,0,0,0,0,0,
0,*,1,1,1,0,
0,1,*,1,1,1,
0,1,1,*,1,1,
0,1,1,1,*,1,
0,0,1,1,1,*,
k=108
t=64

*,0,0,0,0,0,
0,*,1,1,1,1,
0,1,*,1,1,1,
0,1,1,*,1,1,
0,1,1,1,*,1,
0,1,1,1,1,*,
k=109
t=389

*,0,0,0,0,0,
0,*,1,1,1,0,
0,1,*,1,1,1,
0,1,1,*,1,1,
0,1,1,1,*,1,
0,0,1,1,1,*,
k=110
t=64

*,0,0,0,0,0,
0,*,1,1,0,0,
0,1,*,1,1,0,
0,1,1,*,1,1,
0,0,1,1,*,1,
0,0,0,1,1,*,
k=111
t=134

*,0,0,0,0,0,
0,*,1,0,0,0,
0,1,*,1,0,0,
0,0,1,*,1,0,
0,0,0,1,*,1,
0,0,0,0,1,*,
k=112
t=500

*,0,0,0,0,0,
0,*,0,0,0,0,
0,0,*,0,0,0,
0,0,0,*,0,0,
0,0,0,0,*,0,
0,0,0,0,0,*,
k=113
t=1081

*,0,0,0,0,0,
0,*,1,0,0,0,
0,1,*,1,0,0,
0,0,1,*,1,0,
0,0,0,1,*,1,
0,0,0,0,1,*,
k=114
t=500

*,0,0,0,0,0,
0,*,1,1,0,0,
0,1,*,1,1,0,
0,1,1,*,1,1,
0,0,1,1,*,1,
0,0,0,1,1,*,
k=115
t=133

*,0,0,0,0,0,
0,*,1,1,1,0,
0,1,*,1,1,1,
0,1,1,*,1,1,
0,1,1,1,*,1,
0,0,1,1,1,*,
k=116
t=64

*,0,0,0,0,0,
0,*,1,1,1,1,
0,1,*,1,1,1,
0,1,1,*,1,1,
0,1,1,1,*,1,
0,1,1,1,1,*,
k=117
t=388

*,0,0,0,0,0,
0,*,1,1,1,0,
0,1,*,1,1,1,
0,1,1,*,1,1,
0,1,1,1,*,1,
0,0,1,1,1,*,
k=118
t=64

*,0,0,0,0,0,
0,*,1,1,0,0,
0,1,*,1,1,0,
0,1,1,*,1,1,
0,0,1,1,*,1,
0,0,0,1,1,*,
k=119
t=133

*,0,0,0,0,0,
0,*,1,0,0,0,
0,1,*,1,0,0,
0,0,1,*,1,0,
0,0,0,1,*,1,
0,0,0,0,1,*,
k=120
t=499

*,0,0,0,0,0,
0,*,0,0,0,0,
0,0,*,0,0,0,
0,0,0,*,0,0,
0,0,0,0,*,0,
0,0,0,0,0,*,
k=121
t=1089

*,0,0,0,0,0,
0,*,1,0,0,0,
0,1,*,1,0,0,
0,0,1,*,1,0,
0,0,0,1,*,1,
0,0,0,0,1,*,
k=122
t=500

*,0,0,0,0,0,
0,*,1,1,0,0,
0,1,*,1,1,0,
0,1,1,*,1,1,
0,0,1,1,*,1,
0,0,0,1,1,*,
k=123
t=133

*,0,0,0,0,0,
0,*,1,1,1,0,
0,1,*,1,1,1,
0,1,1,*,1,1,
0,1,1,1,*,1,
0,0,1,1,1,*,
k=124
t=64

*,0,0,0,0,0,
0,*,1,1,1,1,
0,1,*,1,1,1,
0,1,1,*,1,1,
0,1,1,1,*,1,
0,1,1,1,1,*,
k=125
t=389

*,0,0,0,0,0,
0,*,1,1,1,0,
0,1,*,1,1,1,
0,1,1,*,1,1,
0,1,1,1,*,1,
0,0,1,1,1,*,
k=126
t=64

*,0,0,0,0,0,
0,*,1,1,0,0,
0,1,*,1,1,0,
0,1,1,*,1,1,
0,0,1,1,*,1,
0,0,0,1,1,*,
k=127
t=134

*,0,0,0,0,0,
0,*,1,0,0,0,
0,1,*,1,0,0,
0,0,1,*,1,0,
0,0,0,1,*,1,
0,0,0,0,1,*,
k=128
t=500

*,0,0,0,0,0,
0,*,0,0,0,0,
0,0,*,0,0,0,
0,0,0,*,0,0,
0,0,0,0,*,0,
0,0,0,0,0,*,
k=129
t=1081

*,0,0,0,0,0,
0,*,1,0,0,0,
0,1,*,1,0,0,
0,0,1,*,1,0,
0,0,0,1,*,1,
0,0,0,0,1,*,
k=130
t=500

*,0,0,0,0,0,
0,*,1,1,0,0,
0,1,*,1,1,0,
0,1,1,*,1,1,
0,0,1,1,*,1,
0,0,0,1,1,*,
k=131
t=133

*,0,0,0,0,0,
0,*,1,1,1,0,
0,1,*,1,1,1,
0,1,1,*,1,1,
0,1,1,1,*,1,
0,0,1,1,1,*,
k=132
t=64

*,0,0,0,0,0,
0,*,1,1,1,1,
0,1,*,1,1,1,
0,1,1,*,1,1,
0,1,1,1,*,1,
0,1,1,1,1,*,
k=133
t=388

*,0,0,0,0,0,
0,*,1,1,1,0,
0,1,*,1,1,1,
0,1,1,*,1,1,
0,1,1,1,*,1,
0,0,1,1,1,*,
k=134
t=64

*,0,0,0,0,0,
0,*,1,1,0,0,
0,1,*,1,1,0,
0,1,1,*,1,1,
0,0,1,1,*,1,
0,0,0,1,1,*,
k=135
t=133

*,0,0,0,0,0,
0,*,1,0,0,0,
0,1,*,1,0,0,
0,0,1,*,1,0,
0,0,0,1,*,1,
0,0,0,0,1,*,
k=136
t=499

*,0,0,0,0,0,
0,*,0,0,0,0,
0,0,*,0,0,0,
0,0,0,*,0,0,
0,0,0,0,*,0,
0,0,0,0,0,*,
k=137
t=1089

*,0,0,0,0,0,
0,*,1,0,0,0,
0,1,*,1,0,0,
0,0,1,*,1,0,
0,0,0,1,*,1,
0,0,0,0,1,*,
k=138
t=500

*,0,0,0,0,0,
0,*,1,1,0,0,
0,1,*,1,1,0,
0,1,1,*,1,1,
0,0,1,1,*,1,
0,0,0,1,1,*,
k=139
t=133

*,0,0,0,0,0,
0,*,1,1,1,0,
0,1,*,1,1,1,
0,1,1,*,1,1,
0,1,1,1,*,1,
0,0,1,1,1,*,
k=140
t=64

*,0,0,0,0,0,
0,*,1,1,1,1,
0,1,*,1,1,1,
0,1,1,*,1,1,
0,1,1,1,*,1,
0,1,1,1,1,*,
k=141
t=389

*,0,0,0,0,0,
0,*,1,1,1,0,
0,1,*,1,1,1,
0,1,1,*,1,1,
0,1,1,1,*,1,
0,0,1,1,1,*,
k=142
t=64

*,0,0,0,0,0,
0,*,1,1,0,0,
0,1,*,1,1,0,
0,1,1,*,1,1,
0,0,1,1,*,1,
0,0,0,1,1,*,
k=143
t=134

*,0,0,0,0,0,
0,*,1,0,0,0,
0,1,*,1,0,0,
0,0,1,*,1,0,
0,0,0,1,*,1,
0,0,0,0,1,*,
k=144
t=500

*,0,0,0,0,0,
0,*,0,0,0,0,
0,0,*,0,0,0,
0,0,0,*,0,0,
0,0,0,0,*,0,
0,0,0,0,0,*,
k=145
t=1081

*,0,0,0,0,0,
0,*,1,0,0,0,
0,1,*,1,0,0,
0,0,1,*,1,0,
0,0,0,1,*,1,
0,0,0,0,1,*,
k=146
t=500

*,0,0,0,0,0,
0,*,1,1,0,0,
0,1,*,1,1,0,
0,1,1,*,1,1,
0,0,1,1,*,1,
0,0,0,1,1,*,
k=147
t=133

*,0,0,0,0,0,
0,*,1,1,1,0,
0,1,*,1,1,1,
0,1,1,*,1,1,
0,1,1,1,*,1,
0,0,1,1,1,*,
k=148
t=64

*,0,0,0,0,0,
0,*,1,1,1,1,
0,1,*,1,1,1,
0,1,1,*,1,1,
0,1,1,1,*,1,
0,1,1,1,1,*,
k=149
t=388

*,0,0,0,0,0,
0,*,1,1,1,0,
0,1,*,1,1,1,
0,1,1,*,1,1,
0,1,1,1,*,1,
0,0,1,1,1,*,
k=150
t=64

*,0,0,0,0,0,
0,*,1,1,0,0,
0,1,*,1,1,0,
0,1,1,*,1,1,
0,0,1,1,*,1,
0,0,0,1,1,*,
k=151
t=133

*,0,0,0,0,0,
0,*,1,0,0,0,
0,1,*,1,0,0,
0,0,1,*,1,0,
0,0,0,1,*,1,
0,0,0,0,1,*,
k=152
t=499

*,0,0,0,0,0,
0,*,0,0,0,0,
0,0,*,0,0,0,
0,0,0,*,0,0,
0,0,0,0,*,0,
0,0,0,0,0,*,
k=153
t=1089

*,0,0,0,0,0,
0,*,1,0,0,0,
0,1,*,1,0,0,
0,0,1,*,1,0,
0,0,0,1,*,1,
0,0,0,0,1,*,
k=154
t=500

*,0,0,0,0,0,
0,*,1,1,0,0,
0,1,*,1,1,0,
0,1,1,*,1,1,
0,0,1,1,*,1,
0,0,0,1,1,*,
k=155
t=134

*,0,0,0,0,0,
0,*,1,1,1,0,
0,1,*,1,1,1,
0,1,1,*,1,1,
0,1,1,1,*,1,
0,0,1,1,1,*,
k=156
t=64

*,0,0,0,0,0,
0,*,1,1,1,1,
0,1,*,1,1,1,
0,1,1,*,1,1,
0,1,1,1,*,1,
0,1,1,1,1,*,
k=157
t=388

*,0,0,0,0,0,
0,*,1,1,1,0,
0,1,*,1,1,1,
0,1,1,*,1,1,
0,1,1,1,*,1,
0,0,1,1,1,*,
k=158
t=64

*,0,0,0,0,0,
0,*,1,1,0,0,
0,1,*,1,1,0,
0,1,1,*,1,1,
0,0,1,1,*,1,
0,0,0,1,1,*,
k=159
t=134

*,0,0,0,0,0,
0,*,1,0,0,0,
0,1,*,1,0,0,
0,0,1,*,1,0,
0,0,0,1,*,1,
0,0,0,0,1,*,
k=160
t=501

*,0,0,0,0,0,
0,*,0,0,0,0,
0,0,*,0,0,0,
0,0,0,*,0,0,
0,0,0,0,*,0,
0,0,0,0,0,*,
k=161
t=1080

*,0,0,0,0,0,
0,*,1,0,0,0,
0,1,*,1,0,0,
0,0,1,*,1,0,
0,0,0,1,*,1,
0,0,0,0,1,*,
k=162
t=500

*,0,0,0,0,0,
0,*,1,1,0,0,
0,1,*,1,1,0,
0,1,1,*,1,1,
0,0,1,1,*,1,
0,0,0,1,1,*,
k=163
t=133

*,0,0,0,0,0,
0,*,1,1,1,0,
0,1,*,1,1,1,
0,1,1,*,1,1,
0,1,1,1,*,1,
0,0,1,1,1,*,
k=164
t=64

*,0,0,0,0,0,
0,*,1,1,1,1,
0,1,*,1,1,1,
0,1,1,*,1,1,
0,1,1,1,*,1,
0,1,1,1,1,*,
k=165
t=388

*,0,0,0,0,0,
0,*,1,1,1,0,
0,1,*,1,1,1,
0,1,1,*,1,1,
0,1,1,1,*,1,
0,0,1,1,1,*,
k=166
t=64

*,0,0,0,0,0,
0,*,1,1,0,0,
0,1,*,1,1,0,
0,1,1,*,1,1,
0,0,1,1,*,1,
0,0,0,1,1,*,
k=167
t=133

*,0,0,0,0,0,
0,*,1,0,0,0,
0,1,*,1,0,0,
0,0,1,*,1,0,
0,0,0,1,*,1,
0,0,0,0,1,*,
k=168
t=500

*,0,0,0,0,0,
0,*,0,0,0,0,
0,0,*,0,0,0,
0,0,0,*,0,0,
0,0,0,0,*,0,
0,0,0,0,0,*,
k=169
t=1088

*,0,0,0,0,0,
0,*,1,0,0,0,
0,1,*,1,0,0,
0,0,1,*,1,0,
0,0,0,1,*,1,
0,0,0,0,1,*,
k=170
t=500

*,0,0,0,0,0,
0,*,1,1,0,0,
0,1,*,1,1,0,
0,1,1,*,1,1,
0,0,1,1,*,1,
0,0,0,1,1,*,
k=171
t=134

*,0,0,0,0,0,
0,*,1,1,1,0,
0,1,*,1,1,1,
0,1,1,*,1,1,
0,1,1,1,*,1,
0,0,1,1,1,*,
k=172
t=64

*,0,0,0,0,0,
0,*,1,1,1,1,
0,1,*,1,1,1,
0,1,1,*,1,1,
0,1,1,1,*,1,
0,1,1,1,1,*,
k=173
t=389

*,0,0,0,0,0,
0,*,1,1,1,0,
0,1,*,1,1,1,
0,1,1,*,1,1,
0,1,1,1,*,1,
0,0,1,1,1,*,
k=174
t=64

*,0,0,0,0,0,
0,*,1,1,0,0,
0,1,*,1,1,0,
0,1,1,*,1,1,
0,0,1,1,*,1,
0,0,0,1,1,*,
k=175
t=133

*,0,0,0,0,0,
0,*,1,0,0,0,
0,1,*,1,0,0,
0,0,1,*,1,0,
0,0,0,1,*,1,
0,0,0,0,1,*,
k=176
t=501

*,0,0,0,0,0,
0,*,0,0,0,0,
0,0,*,0,0,0,
0,0,0,*,0,0,
0,0,0,0,*,0,
0,0,0,0,0,*,
k=177
t=1080

*,0,0,0,0,0,
0,*,1,0,0,0,
0,1,*,1,0,0,
0,0,1,*,1,0,
0,0,0,1,*,1,
0,0,0,0,1,*,
k=178
t=500

*,0,0,0,0,0,
0,*,1,1,0,0,
0,1,*,1,1,0,
0,1,1,*,1,1,
0,0,1,1,*,1,
0,0,0,1,1,*,
k=179
t=133

*,0,0,0,0,0,
0,*,1,1,1,0,
0,1,*,1,1,1,
0,1,1,*,1,1,
0,1,1,1,*,1,
0,0,1,1,1,*,
k=180
t=64

*,0,0,0,0,0,
0,*,1,1,1,1,
0,1,*,1,1,1,
0,1,1,*,1,1,
0,1,1,1,*,1,
0,1,1,1,1,*,
k=181
t=388

*,0,0,0,0,0,
0,*,1,1,1,0,
0,1,*,1,1,1,
0,1,1,*,1,1,
0,1,1,1,*,1,
0,0,1,1,1,*,
k=182
t=64

*,0,0,0,0,0,
0,*,1,1,0,0,
0,1,*,1,1,0,
0,1,1,*,1,1,
0,0,1,1,*,1,
0,0,0,1,1,*,
k=183
t=134

*,0,0,0,0,0,
0,*,1,0,0,0,
0,1,*,1,0,0,
0,0,1,*,1,0,
0,0,0,1,*,1,
0,0,0,0,1,*,
k=184
t=499

*,0,0,0,0,0,
0,*,0,0,0,0,
0,0,*,0,0,0,
0,0,0,*,0,0,
0,0,0,0,*,0,
0,0,0,0,0,*,
k=185
t=1088

*,0,0,0,0,0,
0,*,1,0,0,0,
0,1,*,1,0,0,
0,0,1,*,1,0,
0,0,0,1,*,1,
0,0,0,0,1,*,
k=186
t=500

*,0,0,0,0,0,
0,*,1,1,0,0,
0,1,*,1,1,0,
0,1,1,*,1,1,
0,0,1,1,*,1,
0,0,0,1,1,*,
k=187
t=134

*,0,0,0,0,0,
0,*,1,1,1,0,
0,1,*,1,1,1,
0,1,1,*,1,1,
0,1,1,1,*,1,
0,0,1,1,1,*,
k=188
t=64

*,0,0,0,0,0,
0,*,1,1,1,1,
0,1,*,1,1,1,
0,1,1,*,1,1,
0,1,1,1,*,1,
0,1,1,1,1,*,
k=189
t=389

*,0,0,0,0,0,
0,*,1,1,1,0,
0,1,*,1,1,1,
0,1,1,*,1,1,
0,1,1,1,*,1,
0,0,1,1,1,*,
k=190
t=64

*,0,0,0,0,0,
0,*,1,1,0,0,
0,1,*,1,1,0,
0,1,1,*,1,1,
0,0,1,1,*,1,
0,0,0,1,1,*,
k=191
t=133

*,0,0,0,0,0,
0,*,1,0,0,0,
0,1,*,1,0,0,
0,0,1,*,1,0,
0,0,0,1,*,1,
0,0,0,0,1,*,
k=192
t=501

*,0,0,0,0,0,
0,*,0,0,0,0,
0,0,*,0,0,0,
0,0,0,*,0,0,
0,0,0,0,*,0,
0,0,0,0,0,*,
k=193
t=1080

*,0,0,0,0,0,
0,*,1,0,0,0,
0,1,*,1,0,0,
0,0,1,*,1,0,
0,0,0,1,*,1,
0,0,0,0,1,*,
k=194
t=500

*,0,0,0,0,0,
0,*,1,1,0,0,
0,1,*,1,1,0,
0,1,1,*,1,1,
0,0,1,1,*,1,
0,0,0,1,1,*,
k=195
t=133

*,0,0,0,0,0,
0,*,1,1,1,0,
0,1,*,1,1,1,
0,1,1,*,1,1,
0,1,1,1,*,1,
0,0,1,1,1,*,
k=196
t=64

*,0,0,0,0,0,
0,*,1,1,1,1,
0,1,*,1,1,1,
0,1,1,*,1,1,
0,1,1,1,*,1,
0,1,1,1,1,*,
k=197
t=388

*,0,0,0,0,0,
0,*,1,1,1,0,
0,1,*,1,1,1,
0,1,1,*,1,1,
0,1,1,1,*,1,
0,0,1,1,1,*,
k=198
t=64

*,0,0,0,0,0,
0,*,1,1,0,0,
0,1,*,1,1,0,
0,1,1,*,1,1,
0,0,1,1,*,1,
0,0,0,1,1,*,
k=199
t=134

*,0,0,0,0,0,
0,*,1,0,0,0,
0,1,*,1,0,0,
0,0,1,*,1,0,
0,0,0,1,*,1,
0,0,0,0,1,*,
k=200
t=499

*,0,0,0,0,0,
0,*,0,0,0,0,
0,0,*,0,0,0,
0,0,0,*,0,0,
0,0,0,0,*,0,
0,0,0,0,0,*,
k=201
t=1088

*,0,0,0,0,0,
0,*,1,0,0,0,
0,1,*,1,0,0,
0,0,1,*,1,0,
0,0,0,1,*,1,
0,0,0,0,1,*,
k=202
t=500

*,0,0,0,0,0,
0,*,1,1,0,0,
0,1,*,1,1,0,
0,1,1,*,1,1,
0,0,1,1,*,1,
0,0,0,1,1,*,
k=203
t=134

*,0,0,0,0,0,
0,*,1,1,1,0,
0,1,*,1,1,1,
0,1,1,*,1,1,
0,1,1,1,*,1,
0,0,1,1,1,*,
k=204
t=64

*,0,0,0,0,0,
0,*,1,1,1,1,
0,1,*,1,1,1,
0,1,1,*,1,1,
0,1,1,1,*,1,
0,1,1,1,1,*,
k=205
t=389

*,0,0,0,0,0,
0,*,1,1,1,0,
0,1,*,1,1,1,
0,1,1,*,1,1,
0,1,1,1,*,1,
0,0,1,1,1,*,
k=206
t=64

*,0,0,0,0,0,
0,*,1,1,0,0,
0,1,*,1,1,0,
0,1,1,*,1,1,
0,0,1,1,*,1,
0,0,0,1,1,*,
k=207
t=133

*,0,0,0,0,0,
0,*,1,0,0,0,
0,1,*,1,0,0,
0,0,1,*,1,0,
0,0,0,1,*,1,
0,0,0,0,1,*,
k=208
t=501

*,0,0,0,0,0,
0,*,0,0,0,0,
0,0,*,0,0,0,
0,0,0,*,0,0,
0,0,0,0,*,0,
0,0,0,0,0,*,
k=209
t=1080

*,0,0,0,0,0,
0,*,1,0,0,0,
0,1,*,1,0,0,
0,0,1,*,1,0,
0,0,0,1,*,1,
0,0,0,0,1,*,
k=210
t=500

*,0,0,0,0,0,
0,*,1,1,0,0,
0,1,*,1,1,0,
0,1,1,*,1,1,
0,0,1,1,*,1,
0,0,0,1,1,*,
k=211
t=133

*,0,0,0,0,0,
0,*,1,1,1,0,
0,1,*,1,1,1,
0,1,1,*,1,1,
0,1,1,1,*,1,
0,0,1,1,1,*,
k=212
t=64

*,0,0,0,0,0,
0,*,1,1,1,1,
0,1,*,1,1,1,
0,1,1,*,1,1,
0,1,1,1,*,1,
0,1,1,1,1,*,
k=213
t=388

*,0,0,0,0,0,
0,*,1,1,1,0,
0,1,*,1,1,1,
0,1,1,*,1,1,
0,1,1,1,*,1,
0,0,1,1,1,*,
k=214
t=64

*,0,0,0,0,0,
0,*,1,1,0,0,
0,1,*,1,1,0,
0,1,1,*,1,1,
0,0,1,1,*,1,
0,0,0,1,1,*,
k=215
t=134

*,0,0,0,0,0,
0,*,1,0,0,0,
0,1,*,1,0,0,
0,0,1,*,1,0,
0,0,0,1,*,1,
0,0,0,0,1,*,
k=216
t=499

*,0,0,0,0,0,
0,*,0,0,0,0,
0,0,*,0,0,0,
0,0,0,*,0,0,
0,0,0,0,*,0,
0,0,0,0,0,*,
k=217
t=1088

*,0,0,0,0,0,
0,*,1,0,0,0,
0,1,*,1,0,0,
0,0,1,*,1,0,
0,0,0,1,*,1,
0,0,0,0,1,*,
k=218
t=500

*,0,0,0,0,0,
0,*,1,1,0,0,
0,1,*,1,1,0,
0,1,1,*,1,1,
0,0,1,1,*,1,
0,0,0,1,1,*,
k=219
t=134

*,0,0,0,0,0,
0,*,1,1,1,0,
0,1,*,1,1,1,
0,1,1,*,1,1,
0,1,1,1,*,1,
0,0,1,1,1,*,
k=220
t=64

*,0,0,0,0,0,
0,*,1,1,1,1,
0,1,*,1,1,1,
0,1,1,*,1,1,
0,1,1,1,*,1,
0,1,1,1,1,*,
k=221
t=389

*,0,0,0,0,0,
0,*,1,1,1,0,
0,1,*,1,1,1,
0,1,1,*,1,1,
0,1,1,1,*,1,
0,0,1,1,1,*,
k=222
t=64

*,0,0,0,0,0,
0,*,1,1,0,0,
0,1,*,1,1,0,
0,1,1,*,1,1,
0,0,1,1,*,1,
0,0,0,1,1,*,
k=223
t=133

*,0,0,0,0,0,
0,*,1,0,0,0,
0,1,*,1,0,0,
0,0,1,*,1,0,
0,0,0,1,*,1,
0,0,0,0,1,*,
k=224
t=501

*,0,0,0,0,0,
0,*,0,0,0,0,
0,0,*,0,0,0,
0,0,0,*,0,0,
0,0,0,0,*,0,
0,0,0,0,0,*,
k=225
t=1081

*,0,0,0,0,0,
0,*,1,0,0,0,
0,1,*,1,0,0,
0,0,1,*,1,0,
0,0,0,1,*,1,
0,0,0,0,1,*,
k=226
t=499

*,0,0,0,0,0,
0,*,1,1,0,0,
0,1,*,1,1,0,
0,1,1,*,1,1,
0,0,1,1,*,1,
0,0,0,1,1,*,
k=227
t=133

*,0,0,0,0,0,
0,*,1,1,1,0,
0,1,*,1,1,1,
0,1,1,*,1,1,
0,1,1,1,*,1,
0,0,1,1,1,*,
k=228
t=64

*,0,0,0,0,0,
0,*,1,1,1,1,
0,1,*,1,1,1,
0,1,1,*,1,1,
0,1,1,1,*,1,
0,1,1,1,1,*,
k=229
t=389

*,0,0,0,0,0,
0,*,1,1,1,0,
0,1,*,1,1,1,
0,1,1,*,1,1,
0,1,1,1,*,1,
0,0,1,1,1,*,
k=230
t=63

*,0,0,0,0,0,
0,*,1,1,0,0,
0,1,*,1,1,0,
0,1,1,*,1,1,
0,0,1,1,*,1,
0,0,0,1,1,*,
k=231
t=134

*,0,0,0,0,0,
0,*,1,0,0,0,
0,1,*,1,0,0,
0,0,1,*,1,0,
0,0,0,1,*,1,
0,0,0,0,1,*,
k=232
t=499

*,0,0,0,0,0,
0,*,0,0,0,0,
0,0,*,0,0,0,
0,0,0,*,0,0,
0,0,0,0,*,0,
0,0,0,0,0,*,
k=233
t=1088

*,0,0,0,0,0,
0,*,1,0,0,0,
0,1,*,1,0,0,
0,0,1,*,1,0,
0,0,0,1,*,1,
0,0,0,0,1,*,
k=234
t=500

*,0,0,0,0,0,
0,*,1,1,0,0,
0,1,*,1,1,0,
0,1,1,*,1,1,
0,0,1,1,*,1,
0,0,0,1,1,*,
k=235
t=134

*,0,0,0,0,0,
0,*,1,1,1,0,
0,1,*,1,1,1,
0,1,1,*,1,1,
0,1,1,1,*,1,
0,0,1,1,1,*,
k=236
t=64

*,0,0,0,0,0,
0,*,1,1,1,1,
0,1,*,1,1,1,
0,1,1,*,1,1,
0,1,1,1,*,1,
0,1,1,1,1,*,
k=237
t=389

*,0,0,0,0,0,
0,*,1,1,1,0,
0,1,*,1,1,1,
0,1,1,*,1,1,
0,1,1,1,*,1,
0,0,1,1,1,*,
k=238
t=64

*,0,0,0,0,0,
0,*,1,1,0,0,
0,1,*,1,1,0,
0,1,1,*,1,1,
0,0,1,1,*,1,
0,0,0,1,1,*,
k=239
t=133

*,0,0,0,0,0,
0,*,1,0,0,0,
0,1,*,1,0,0,
0,0,1,*,1,0,
0,0,0,1,*,1,
0,0,0,0,1,*,
k=240
t=501

*,0,0,0,0,0,
0,*,0,0,0,0,
0,0,*,0,0,0,
0,0,0,*,0,0,
0,0,0,0,*,0,
0,0,0,0,0,*,
k=241
t=929
