// Dynamic Topology Format (DTF):
numSat=4
numET=1
numK=x
totalTime=1 day
ISL Range=1000
ET-LEO Rangeist=2000

*,0,0,0,0,
0,*,1,0,0,
0,1,*,1,0,
0,0,1,*,1,
0,0,0,1,*,
k=1
t=499

*,0,0,0,0,
0,*,1,1,0,
0,1,*,1,1,
0,1,1,*,1,
0,0,1,1,*,
k=2
t=133

*,0,0,0,0,
0,*,1,1,1,
0,1,*,1,1,
0,1,1,*,1,
0,1,1,1,*,
k=3
t=515

*,0,0,0,0,
0,*,1,1,0,
0,1,*,1,1,
0,1,1,*,1,
0,0,1,1,*,
k=4
t=133

*,0,0,0,0,
0,*,1,0,0,
0,1,*,1,0,
0,0,1,*,1,
0,0,0,1,*,
k=5
t=499

*,0,0,0,0,
0,*,0,0,0,
0,0,*,0,0,
0,0,0,*,0,
0,0,0,0,*,
k=6
t=1088

*,0,0,0,0,
0,*,1,0,0,
0,1,*,1,0,
0,0,1,*,1,
0,0,0,1,*,
k=7
t=499

*,0,0,0,0,
0,*,1,1,0,
0,1,*,1,1,
0,1,1,*,1,
0,0,1,1,*,
k=8
t=133

*,0,0,0,0,
0,*,1,1,1,
0,1,*,1,1,
0,1,1,*,1,
0,1,1,1,*,
k=9
t=517

*,0,0,0,0,
0,*,1,1,0,
0,1,*,1,1,
0,1,1,*,1,
0,0,1,1,*,
k=10
t=133

*,0,0,0,0,
0,*,1,0,0,
0,1,*,1,0,
0,0,1,*,1,
0,0,0,1,*,
k=11
t=500

*,0,0,0,0,
0,*,0,0,0,
0,0,*,0,0,
0,0,0,*,0,
0,0,0,0,*,
k=12
t=1080

*,0,0,0,0,
0,*,1,0,0,
0,1,*,1,0,
0,0,1,*,1,
0,0,0,1,*,
k=13
t=499

*,0,0,0,0,
0,*,1,1,0,
0,1,*,1,1,
0,1,1,*,1,
0,0,1,1,*,
k=14
t=133

*,0,0,0,0,
0,*,1,1,1,
0,1,*,1,1,
0,1,1,*,1,
0,1,1,1,*,
k=15
t=515

*,0,0,0,0,
0,*,1,1,0,
0,1,*,1,1,
0,1,1,*,1,
0,0,1,1,*,
k=16
t=133

*,0,0,0,0,
0,*,1,0,0,
0,1,*,1,0,
0,0,1,*,1,
0,0,0,1,*,
k=17
t=499

*,0,0,0,0,
0,*,0,0,0,
0,0,*,0,0,
0,0,0,*,0,
0,0,0,0,*,
k=18
t=1088

*,0,0,0,0,
0,*,1,0,0,
0,1,*,1,0,
0,0,1,*,1,
0,0,0,1,*,
k=19
t=499

*,0,0,0,0,
0,*,1,1,0,
0,1,*,1,1,
0,1,1,*,1,
0,0,1,1,*,
k=20
t=133

*,0,0,0,0,
0,*,1,1,1,
0,1,*,1,1,
0,1,1,*,1,
0,1,1,1,*,
k=21
t=516

*,0,0,0,0,
0,*,1,1,0,
0,1,*,1,1,
0,1,1,*,1,
0,0,1,1,*,
k=22
t=133

*,0,0,0,0,
0,*,1,0,0,
0,1,*,1,0,
0,0,1,*,1,
0,0,0,1,*,
k=23
t=500

*,0,0,0,0,
0,*,0,0,0,
0,0,*,0,0,
0,0,0,*,0,
0,0,0,0,*,
k=24
t=1080

*,0,0,0,0,
0,*,1,0,0,
0,1,*,1,0,
0,0,1,*,1,
0,0,0,1,*,
k=25
t=499

*,0,0,0,0,
0,*,1,1,0,
0,1,*,1,1,
0,1,1,*,1,
0,0,1,1,*,
k=26
t=133

*,0,0,0,0,
0,*,1,1,1,
0,1,*,1,1,
0,1,1,*,1,
0,1,1,1,*,
k=27
t=515

*,0,0,0,0,
0,*,1,1,0,
0,1,*,1,1,
0,1,1,*,1,
0,0,1,1,*,
k=28
t=133

*,0,0,0,0,
0,*,1,0,0,
0,1,*,1,0,
0,0,1,*,1,
0,0,0,1,*,
k=29
t=499

*,0,0,0,0,
0,*,0,0,0,
0,0,*,0,0,
0,0,0,*,0,
0,0,0,0,*,
k=30
t=1088

*,0,0,0,0,
0,*,1,0,0,
0,1,*,1,0,
0,0,1,*,1,
0,0,0,1,*,
k=31
t=500

*,0,0,0,0,
0,*,1,1,0,
0,1,*,1,1,
0,1,1,*,1,
0,0,1,1,*,
k=32
t=133

*,0,0,0,0,
0,*,1,1,1,
0,1,*,1,1,
0,1,1,*,1,
0,1,1,1,*,
k=33
t=517

*,0,0,0,0,
0,*,1,1,0,
0,1,*,1,1,
0,1,1,*,1,
0,0,1,1,*,
k=34
t=133

*,0,0,0,0,
0,*,1,0,0,
0,1,*,1,0,
0,0,1,*,1,
0,0,0,1,*,
k=35
t=500

*,0,0,0,0,
0,*,0,0,0,
0,0,*,0,0,
0,0,0,*,0,
0,0,0,0,*,
k=36
t=1080

*,0,0,0,0,
0,*,1,0,0,
0,1,*,1,0,
0,0,1,*,1,
0,0,0,1,*,
k=37
t=499

*,0,0,0,0,
0,*,1,1,0,
0,1,*,1,1,
0,1,1,*,1,
0,0,1,1,*,
k=38
t=133

*,0,0,0,0,
0,*,1,1,1,
0,1,*,1,1,
0,1,1,*,1,
0,1,1,1,*,
k=39
t=515

*,0,0,0,0,
0,*,1,1,0,
0,1,*,1,1,
0,1,1,*,1,
0,0,1,1,*,
k=40
t=133

*,0,0,0,0,
0,*,1,0,0,
0,1,*,1,0,
0,0,1,*,1,
0,0,0,1,*,
k=41
t=499

*,0,0,0,0,
0,*,0,0,0,
0,0,*,0,0,
0,0,0,*,0,
0,0,0,0,*,
k=42
t=1088

*,0,0,0,0,
0,*,1,0,0,
0,1,*,1,0,
0,0,1,*,1,
0,0,0,1,*,
k=43
t=499

*,0,0,0,0,
0,*,1,1,0,
0,1,*,1,1,
0,1,1,*,1,
0,0,1,1,*,
k=44
t=133

*,0,0,0,0,
0,*,1,1,1,
0,1,*,1,1,
0,1,1,*,1,
0,1,1,1,*,
k=45
t=516

*,0,0,0,0,
0,*,1,1,0,
0,1,*,1,1,
0,1,1,*,1,
0,0,1,1,*,
k=46
t=133

*,0,0,0,0,
0,*,1,0,0,
0,1,*,1,0,
0,0,1,*,1,
0,0,0,1,*,
k=47
t=500

*,0,0,0,0,
0,*,0,0,0,
0,0,*,0,0,
0,0,0,*,0,
0,0,0,0,*,
k=48
t=1080

*,0,0,0,0,
0,*,1,0,0,
0,1,*,1,0,
0,0,1,*,1,
0,0,0,1,*,
k=49
t=499

*,0,0,0,0,
0,*,1,1,0,
0,1,*,1,1,
0,1,1,*,1,
0,0,1,1,*,
k=50
t=133

*,0,0,0,0,
0,*,1,1,1,
0,1,*,1,1,
0,1,1,*,1,
0,1,1,1,*,
k=51
t=515

*,0,0,0,0,
0,*,1,1,0,
0,1,*,1,1,
0,1,1,*,1,
0,0,1,1,*,
k=52
t=133

*,0,0,0,0,
0,*,1,0,0,
0,1,*,1,0,
0,0,1,*,1,
0,0,0,1,*,
k=53
t=499

*,0,0,0,0,
0,*,0,0,0,
0,0,*,0,0,
0,0,0,*,0,
0,0,0,0,*,
k=54
t=1088

*,0,0,0,0,
0,*,1,0,0,
0,1,*,1,0,
0,0,1,*,1,
0,0,0,1,*,
k=55
t=499

*,0,0,0,0,
0,*,1,1,0,
0,1,*,1,1,
0,1,1,*,1,
0,0,1,1,*,
k=56
t=133

*,0,0,0,0,
0,*,1,1,1,
0,1,*,1,1,
0,1,1,*,1,
0,1,1,1,*,
k=57
t=517

*,0,0,0,0,
0,*,1,1,0,
0,1,*,1,1,
0,1,1,*,1,
0,0,1,1,*,
k=58
t=133

*,0,0,0,0,
0,*,1,0,0,
0,1,*,1,0,
0,0,1,*,1,
0,0,0,1,*,
k=59
t=500

*,0,0,0,0,
0,*,0,0,0,
0,0,*,0,0,
0,0,0,*,0,
0,0,0,0,*,
k=60
t=1081

*,0,0,0,0,
0,*,1,0,0,
0,1,*,1,0,
0,0,1,*,1,
0,0,0,1,*,
k=61
t=499

*,0,0,0,0,
0,*,1,1,0,
0,1,*,1,1,
0,1,1,*,1,
0,0,1,1,*,
k=62
t=133

*,0,0,0,0,
0,*,1,1,1,
0,1,*,1,1,
0,1,1,*,1,
0,1,1,1,*,
k=63
t=515

*,0,0,0,0,
0,*,1,1,0,
0,1,*,1,1,
0,1,1,*,1,
0,0,1,1,*,
k=64
t=133

*,0,0,0,0,
0,*,1,0,0,
0,1,*,1,0,
0,0,1,*,1,
0,0,0,1,*,
k=65
t=498

*,0,0,0,0,
0,*,0,0,0,
0,0,*,0,0,
0,0,0,*,0,
0,0,0,0,*,
k=66
t=843

*,1,0,0,0,
1,*,0,0,0,
0,0,*,0,0,
0,0,0,*,0,
0,0,0,0,*,
k=67
t=245

*,1,0,0,0,
1,*,1,0,0,
0,1,*,1,0,
0,0,1,*,1,
0,0,0,1,*,
k=68
t=187

*,0,0,0,0,
0,*,1,0,0,
0,1,*,1,0,
0,0,1,*,1,
0,0,0,1,*,
k=69
t=312

*,0,0,0,0,
0,*,1,1,0,
0,1,*,1,1,
0,1,1,*,1,
0,0,1,1,*,
k=70
t=133

*,0,0,0,0,
0,*,1,1,1,
0,1,*,1,1,
0,1,1,*,1,
0,1,1,1,*,
k=71
t=517

*,0,0,0,0,
0,*,1,1,0,
0,1,*,1,1,
0,1,1,*,1,
0,0,1,1,*,
k=72
t=133

*,0,0,0,0,
0,*,1,0,0,
0,1,*,1,0,
0,0,1,*,1,
0,0,0,1,*,
k=73
t=500

*,0,0,0,0,
0,*,0,0,0,
0,0,*,0,0,
0,0,0,*,0,
0,0,0,0,*,
k=74
t=1080

*,0,0,0,0,
0,*,1,0,0,
0,1,*,1,0,
0,0,1,*,1,
0,0,0,1,*,
k=75
t=499

*,0,0,0,0,
0,*,1,1,0,
0,1,*,1,1,
0,1,1,*,1,
0,0,1,1,*,
k=76
t=133

*,0,0,0,0,
0,*,1,1,1,
0,1,*,1,1,
0,1,1,*,1,
0,1,1,1,*,
k=77
t=515

*,0,0,0,0,
0,*,1,1,0,
0,1,*,1,1,
0,1,1,*,1,
0,0,1,1,*,
k=78
t=133

*,0,0,0,0,
0,*,1,0,0,
0,1,*,1,0,
0,0,1,*,1,
0,0,0,1,*,
k=79
t=499

*,0,0,0,0,
0,*,0,0,0,
0,0,*,0,0,
0,0,0,*,0,
0,0,0,0,*,
k=80
t=786

*,0,1,0,0,
0,*,0,0,0,
1,0,*,0,0,
0,0,0,*,0,
0,0,0,0,*,
k=81
t=32

*,0,1,1,0,
0,*,0,0,0,
1,0,*,0,0,
1,0,0,*,0,
0,0,0,0,*,
k=82
t=20

*,1,1,1,0,
1,*,0,0,0,
1,0,*,0,0,
1,0,0,*,0,
0,0,0,0,*,
k=83
t=158

*,1,1,1,1,
1,*,0,0,0,
1,0,*,0,0,
1,0,0,*,0,
1,0,0,0,*,
k=84
t=89

*,1,1,1,1,
1,*,1,0,0,
1,1,*,1,0,
1,0,1,*,1,
1,0,0,1,*,
k=85
t=127

*,1,1,1,0,
1,*,1,0,0,
1,1,*,1,0,
1,0,1,*,1,
0,0,0,1,*,
k=86
t=38

*,0,1,1,0,
0,*,1,0,0,
1,1,*,1,0,
1,0,1,*,1,
0,0,0,1,*,
k=87
t=50

*,0,1,0,0,
0,*,1,0,0,
1,1,*,1,0,
0,0,1,*,1,
0,0,0,1,*,
k=88
t=7

*,0,0,0,0,
0,*,1,0,0,
0,1,*,1,0,
0,0,1,*,1,
0,0,0,1,*,
k=89
t=275

*,0,0,0,0,
0,*,1,1,0,
0,1,*,1,1,
0,1,1,*,1,
0,0,1,1,*,
k=90
t=133

*,0,0,0,0,
0,*,1,1,1,
0,1,*,1,1,
0,1,1,*,1,
0,1,1,1,*,
k=91
t=517

*,0,0,0,0,
0,*,1,1,0,
0,1,*,1,1,
0,1,1,*,1,
0,0,1,1,*,
k=92
t=133

*,0,0,0,0,
0,*,1,0,0,
0,1,*,1,0,
0,0,1,*,1,
0,0,0,1,*,
k=93
t=500

*,0,0,0,0,
0,*,0,0,0,
0,0,*,0,0,
0,0,0,*,0,
0,0,0,0,*,
k=94
t=1081

*,0,0,0,0,
0,*,1,0,0,
0,1,*,1,0,
0,0,1,*,1,
0,0,0,1,*,
k=95
t=499

*,0,0,0,0,
0,*,1,1,0,
0,1,*,1,1,
0,1,1,*,1,
0,0,1,1,*,
k=96
t=133

*,0,0,0,0,
0,*,1,1,1,
0,1,*,1,1,
0,1,1,*,1,
0,1,1,1,*,
k=97
t=515

*,0,0,0,0,
0,*,1,1,0,
0,1,*,1,1,
0,1,1,*,1,
0,0,1,1,*,
k=98
t=133

*,0,0,0,0,
0,*,1,0,0,
0,1,*,1,0,
0,0,1,*,1,
0,0,0,1,*,
k=99
t=499

*,0,0,0,0,
0,*,0,0,0,
0,0,*,0,0,
0,0,0,*,0,
0,0,0,0,*,
k=100
t=802

*,0,0,0,1,
0,*,0,0,0,
0,0,*,0,0,
0,0,0,*,0,
1,0,0,0,*,
k=101
t=115

*,0,0,1,1,
0,*,0,0,0,
0,0,*,0,0,
1,0,0,*,0,
1,0,0,0,*,
k=102
t=170

*,0,0,1,1,
0,*,1,0,0,
0,1,*,1,0,
1,0,1,*,1,
1,0,0,1,*,
k=103
t=129

*,0,0,0,1,
0,*,1,0,0,
0,1,*,1,0,
0,0,1,*,1,
1,0,0,1,*,
k=104
t=86

*,0,0,0,0,
0,*,1,0,0,
0,1,*,1,0,
0,0,1,*,1,
0,0,0,1,*,
k=105
t=283

*,0,0,0,0,
0,*,1,1,0,
0,1,*,1,1,
0,1,1,*,1,
0,0,1,1,*,
k=106
t=133

*,0,0,0,0,
0,*,1,1,1,
0,1,*,1,1,
0,1,1,*,1,
0,1,1,1,*,
k=107
t=517

*,0,0,0,0,
0,*,1,1,0,
0,1,*,1,1,
0,1,1,*,1,
0,0,1,1,*,
k=108
t=133

*,0,0,0,0,
0,*,1,0,0,
0,1,*,1,0,
0,0,1,*,1,
0,0,0,1,*,
k=109
t=500

*,0,0,0,0,
0,*,0,0,0,
0,0,*,0,0,
0,0,0,*,0,
0,0,0,0,*,
k=110
t=1080

*,0,0,0,0,
0,*,1,0,0,
0,1,*,1,0,
0,0,1,*,1,
0,0,0,1,*,
k=111
t=499

*,0,0,0,0,
0,*,1,1,0,
0,1,*,1,1,
0,1,1,*,1,
0,0,1,1,*,
k=112
t=133

*,0,0,0,0,
0,*,1,1,1,
0,1,*,1,1,
0,1,1,*,1,
0,1,1,1,*,
k=113
t=515

*,0,0,0,0,
0,*,1,1,0,
0,1,*,1,1,
0,1,1,*,1,
0,0,1,1,*,
k=114
t=133

*,0,0,0,0,
0,*,1,0,0,
0,1,*,1,0,
0,0,1,*,1,
0,0,0,1,*,
k=115
t=499

*,0,0,0,0,
0,*,0,0,0,
0,0,*,0,0,
0,0,0,*,0,
0,0,0,0,*,
k=116
t=1088

*,0,0,0,0,
0,*,1,0,0,
0,1,*,1,0,
0,0,1,*,1,
0,0,0,1,*,
k=117
t=499

*,0,0,0,0,
0,*,1,1,0,
0,1,*,1,1,
0,1,1,*,1,
0,0,1,1,*,
k=118
t=133

*,0,0,0,0,
0,*,1,1,1,
0,1,*,1,1,
0,1,1,*,1,
0,1,1,1,*,
k=119
t=516

*,0,0,0,0,
0,*,1,1,0,
0,1,*,1,1,
0,1,1,*,1,
0,0,1,1,*,
k=120
t=133

*,0,0,0,0,
0,*,1,0,0,
0,1,*,1,0,
0,0,1,*,1,
0,0,0,1,*,
k=121
t=500

*,0,0,0,0,
0,*,0,0,0,
0,0,*,0,0,
0,0,0,*,0,
0,0,0,0,*,
k=122
t=1080

*,0,0,0,0,
0,*,1,0,0,
0,1,*,1,0,
0,0,1,*,1,
0,0,0,1,*,
k=123
t=499

*,0,0,0,0,
0,*,1,1,0,
0,1,*,1,1,
0,1,1,*,1,
0,0,1,1,*,
k=124
t=133

*,0,0,0,0,
0,*,1,1,1,
0,1,*,1,1,
0,1,1,*,1,
0,1,1,1,*,
k=125
t=515

*,0,0,0,0,
0,*,1,1,0,
0,1,*,1,1,
0,1,1,*,1,
0,0,1,1,*,
k=126
t=133

*,0,0,0,0,
0,*,1,0,0,
0,1,*,1,0,
0,0,1,*,1,
0,0,0,1,*,
k=127
t=499

*,0,0,0,0,
0,*,0,0,0,
0,0,*,0,0,
0,0,0,*,0,
0,0,0,0,*,
k=128
t=1088

*,0,0,0,0,
0,*,1,0,0,
0,1,*,1,0,
0,0,1,*,1,
0,0,0,1,*,
k=129
t=500

*,0,0,0,0,
0,*,1,1,0,
0,1,*,1,1,
0,1,1,*,1,
0,0,1,1,*,
k=130
t=133

*,0,0,0,0,
0,*,1,1,1,
0,1,*,1,1,
0,1,1,*,1,
0,1,1,1,*,
k=131
t=517

*,0,0,0,0,
0,*,1,1,0,
0,1,*,1,1,
0,1,1,*,1,
0,0,1,1,*,
k=132
t=133

*,0,0,0,0,
0,*,1,0,0,
0,1,*,1,0,
0,0,1,*,1,
0,0,0,1,*,
k=133
t=500

*,0,0,0,0,
0,*,0,0,0,
0,0,*,0,0,
0,0,0,*,0,
0,0,0,0,*,
k=134
t=1080

*,0,0,0,0,
0,*,1,0,0,
0,1,*,1,0,
0,0,1,*,1,
0,0,0,1,*,
k=135
t=499

*,0,0,0,0,
0,*,1,1,0,
0,1,*,1,1,
0,1,1,*,1,
0,0,1,1,*,
k=136
t=133

*,0,0,0,0,
0,*,1,1,1,
0,1,*,1,1,
0,1,1,*,1,
0,1,1,1,*,
k=137
t=515

*,0,0,0,0,
0,*,1,1,0,
0,1,*,1,1,
0,1,1,*,1,
0,0,1,1,*,
k=138
t=133

*,0,0,0,0,
0,*,1,0,0,
0,1,*,1,0,
0,0,1,*,1,
0,0,0,1,*,
k=139
t=499

*,0,0,0,0,
0,*,0,0,0,
0,0,*,0,0,
0,0,0,*,0,
0,0,0,0,*,
k=140
t=1088

*,0,0,0,0,
0,*,1,0,0,
0,1,*,1,0,
0,0,1,*,1,
0,0,0,1,*,
k=141
t=499

*,0,0,0,0,
0,*,1,1,0,
0,1,*,1,1,
0,1,1,*,1,
0,0,1,1,*,
k=142
t=133

*,0,0,0,0,
0,*,1,1,1,
0,1,*,1,1,
0,1,1,*,1,
0,1,1,1,*,
k=143
t=516

*,0,0,0,0,
0,*,1,1,0,
0,1,*,1,1,
0,1,1,*,1,
0,0,1,1,*,
k=144
t=133

*,0,0,0,0,
0,*,1,0,0,
0,1,*,1,0,
0,0,1,*,1,
0,0,0,1,*,
k=145
t=500

*,0,0,0,0,
0,*,0,0,0,
0,0,*,0,0,
0,0,0,*,0,
0,0,0,0,*,
k=146
t=1080

*,0,0,0,0,
0,*,1,0,0,
0,1,*,1,0,
0,0,1,*,1,
0,0,0,1,*,
k=147
t=499

*,0,0,0,0,
0,*,1,1,0,
0,1,*,1,1,
0,1,1,*,1,
0,0,1,1,*,
k=148
t=133

*,0,0,0,0,
0,*,1,1,1,
0,1,*,1,1,
0,1,1,*,1,
0,1,1,1,*,
k=149
t=515

*,0,0,0,0,
0,*,1,1,0,
0,1,*,1,1,
0,1,1,*,1,
0,0,1,1,*,
k=150
t=133

*,0,0,0,0,
0,*,1,0,0,
0,1,*,1,0,
0,0,1,*,1,
0,0,0,1,*,
k=151
t=499

*,0,0,0,0,
0,*,0,0,0,
0,0,*,0,0,
0,0,0,*,0,
0,0,0,0,*,
k=152
t=1088

*,0,0,0,0,
0,*,1,0,0,
0,1,*,1,0,
0,0,1,*,1,
0,0,0,1,*,
k=153
t=499

*,0,0,0,0,
0,*,1,1,0,
0,1,*,1,1,
0,1,1,*,1,
0,0,1,1,*,
k=154
t=133

*,0,0,0,0,
0,*,1,1,1,
0,1,*,1,1,
0,1,1,*,1,
0,1,1,1,*,
k=155
t=517

*,0,0,0,0,
0,*,1,1,0,
0,1,*,1,1,
0,1,1,*,1,
0,0,1,1,*,
k=156
t=133

*,0,0,0,0,
0,*,1,0,0,
0,1,*,1,0,
0,0,1,*,1,
0,0,0,1,*,
k=157
t=500

*,0,0,0,0,
0,*,0,0,0,
0,0,*,0,0,
0,0,0,*,0,
0,0,0,0,*,
k=158
t=1081

*,0,0,0,0,
0,*,1,0,0,
0,1,*,1,0,
0,0,1,*,1,
0,0,0,1,*,
k=159
t=499

*,0,0,0,0,
0,*,1,1,0,
0,1,*,1,1,
0,1,1,*,1,
0,0,1,1,*,
k=160
t=133

*,0,0,0,0,
0,*,1,1,1,
0,1,*,1,1,
0,1,1,*,1,
0,1,1,1,*,
k=161
t=515

*,0,0,0,0,
0,*,1,1,0,
0,1,*,1,1,
0,1,1,*,1,
0,0,1,1,*,
k=162
t=133

*,0,0,0,0,
0,*,1,0,0,
0,1,*,1,0,
0,0,1,*,1,
0,0,0,1,*,
k=163
t=498

*,0,0,0,0,
0,*,0,0,0,
0,0,*,0,0,
0,0,0,*,0,
0,0,0,0,*,
k=164
t=1088

*,0,0,0,0,
0,*,1,0,0,
0,1,*,1,0,
0,0,1,*,1,
0,0,0,1,*,
k=165
t=499

*,0,0,0,0,
0,*,1,1,0,
0,1,*,1,1,
0,1,1,*,1,
0,0,1,1,*,
k=166
t=133

*,0,0,0,0,
0,*,1,1,1,
0,1,*,1,1,
0,1,1,*,1,
0,1,1,1,*,
k=167
t=517

*,0,0,0,0,
0,*,1,1,0,
0,1,*,1,1,
0,1,1,*,1,
0,0,1,1,*,
k=168
t=133

*,0,0,0,0,
0,*,1,0,0,
0,1,*,1,0,
0,0,1,*,1,
0,0,0,1,*,
k=169
t=359

*,1,0,0,0,
1,*,1,0,0,
0,1,*,1,0,
0,0,1,*,1,
0,0,0,1,*,
k=170
t=140

*,1,0,0,0,
1,*,0,0,0,
0,0,*,0,0,
0,0,0,*,0,
0,0,0,0,*,
k=171
t=178

*,0,0,0,0,
0,*,0,0,0,
0,0,*,0,0,
0,0,0,*,0,
0,0,0,0,*,
k=172
t=901

*,0,0,0,0,
0,*,1,0,0,
0,1,*,1,0,
0,0,1,*,1,
0,0,0,1,*,
k=173
t=499

*,0,0,0,0,
0,*,1,1,0,
0,1,*,1,1,
0,1,1,*,1,
0,0,1,1,*,
k=174
t=133

*,0,0,0,0,
0,*,1,1,1,
0,1,*,1,1,
0,1,1,*,1,
0,1,1,1,*,
k=175
t=515

*,0,0,0,0,
0,*,1,1,0,
0,1,*,1,1,
0,1,1,*,1,
0,0,1,1,*,
k=176
t=133

*,0,0,0,0,
0,*,1,0,0,
0,1,*,1,0,
0,0,1,*,1,
0,0,0,1,*,
k=177
t=499

*,0,0,0,0,
0,*,0,0,0,
0,0,*,0,0,
0,0,0,*,0,
0,0,0,0,*,
k=178
t=1088

*,0,0,0,0,
0,*,1,0,0,
0,1,*,1,0,
0,0,1,*,1,
0,0,0,1,*,
k=179
t=499

*,0,0,0,0,
0,*,1,1,0,
0,1,*,1,1,
0,1,1,*,1,
0,0,1,1,*,
k=180
t=133

*,0,0,0,0,
0,*,1,1,1,
0,1,*,1,1,
0,1,1,*,1,
0,1,1,1,*,
k=181
t=517

*,0,0,0,0,
0,*,1,1,0,
0,1,*,1,1,
0,1,1,*,1,
0,0,1,1,*,
k=182
t=133

*,0,0,0,0,
0,*,1,0,0,
0,1,*,1,0,
0,0,1,*,1,
0,0,0,1,*,
k=183
t=273

*,0,1,0,0,
0,*,1,0,0,
1,1,*,1,0,
0,0,1,*,1,
0,0,0,1,*,
k=184
t=10

*,1,1,0,0,
1,*,1,0,0,
1,1,*,1,0,
0,0,1,*,1,
0,0,0,1,*,
k=185
t=43

*,1,1,1,0,
1,*,1,0,0,
1,1,*,1,0,
1,0,1,*,1,
0,0,0,1,*,
k=186
t=173

*,1,1,1,0,
1,*,0,0,0,
1,0,*,0,0,
1,0,0,*,0,
0,0,0,0,*,
k=187
t=251

*,1,1,0,0,
1,*,0,0,0,
1,0,*,0,0,
0,0,0,*,0,
0,0,0,0,*,
k=188
t=12

*,0,1,0,0,
0,*,0,0,0,
1,0,*,0,0,
0,0,0,*,0,
0,0,0,0,*,
k=189
t=35

*,0,0,0,0,
0,*,0,0,0,
0,0,*,0,0,
0,0,0,*,0,
0,0,0,0,*,
k=190
t=781

*,0,0,0,0,
0,*,1,0,0,
0,1,*,1,0,
0,0,1,*,1,
0,0,0,1,*,
k=191
t=499

*,0,0,0,0,
0,*,1,1,0,
0,1,*,1,1,
0,1,1,*,1,
0,0,1,1,*,
k=192
t=133

*,0,0,0,0,
0,*,1,1,1,
0,1,*,1,1,
0,1,1,*,1,
0,1,1,1,*,
k=193
t=515

*,0,0,0,0,
0,*,1,1,0,
0,1,*,1,1,
0,1,1,*,1,
0,0,1,1,*,
k=194
t=133

*,0,0,0,0,
0,*,1,0,0,
0,1,*,1,0,
0,0,1,*,1,
0,0,0,1,*,
k=195
t=499

*,0,0,0,0,
0,*,0,0,0,
0,0,*,0,0,
0,0,0,*,0,
0,0,0,0,*,
k=196
t=1088

*,0,0,0,0,
0,*,1,0,0,
0,1,*,1,0,
0,0,1,*,1,
0,0,0,1,*,
k=197
t=499

*,0,0,0,0,
0,*,1,1,0,
0,1,*,1,1,
0,1,1,*,1,
0,0,1,1,*,
k=198
t=133

*,0,0,0,0,
0,*,1,1,1,
0,1,*,1,1,
0,1,1,*,1,
0,1,1,1,*,
k=199
t=517

*,0,0,0,0,
0,*,1,1,0,
0,1,*,1,1,
0,1,1,*,1,
0,0,1,1,*,
k=200
t=133

*,0,0,0,0,
0,*,1,0,0,
0,1,*,1,0,
0,0,1,*,1,
0,0,0,1,*,
k=201
t=270

*,0,0,0,1,
0,*,1,0,0,
0,1,*,1,0,
0,0,1,*,1,
1,0,0,1,*,
k=202
t=25

*,0,0,1,1,
0,*,1,0,0,
0,1,*,1,0,
1,0,1,*,1,
1,0,0,1,*,
k=203
t=2

*,0,0,0,1,
0,*,1,0,0,
0,1,*,1,0,
0,0,1,*,1,
1,0,0,1,*,
k=204
t=14

*,0,0,1,1,
0,*,1,0,0,
0,1,*,1,0,
1,0,1,*,1,
1,0,0,1,*,
k=205
t=185

*,0,0,1,1,
0,*,0,0,0,
0,0,*,0,0,
1,0,0,*,0,
1,0,0,0,*,
k=206
t=238

*,0,0,0,1,
0,*,0,0,0,
0,0,*,0,0,
0,0,0,*,0,
1,0,0,0,*,
k=207
t=60

*,0,0,0,0,
0,*,0,0,0,
0,0,*,0,0,
0,0,0,*,0,
0,0,0,0,*,
k=208
t=700

*,0,0,0,0,
0,*,0,0,0,
0,0,*,0,0,
0,0,0,*,0,
0,0,0,0,*,
k=209
t=1
